202
200
207
212
202
197
193
188
183
179
174
174
170
165
157
148
140
136
133
129
126
126
122
119
116
116
116
112
112
111
112
117
114
109
106
102
97,3
97,3
94,5
94,5
94,5
91,7
89,1
89,1
89,1
86,4
85,1
83,9
83,9
81,4
81,4
80,2
83,9
83,9
85,1
85,1
83,9
83,9
86,4
85,1
85,1
97,3
119
120
122
127
133
153
142
133
126
124
122
124
119
126
126
119
109
103
97,3
95,9
102
93,1
89,1
83,9
83,9
81,4
79
76,7
76,7
74,4
72,2
79
80,2
81,4
83,9
81,4
79
73,3
70,1
70,1
72,2
76,7
83,9
94,5
94,5
90,5
91,7
97,3
94,5
95,9
97,3
100
98,7
97,3
103
119
155
181
157
129
119
114
109
102
94,5
87,7
80,2
76,7
76,7
102
122
129
124
135
135
136
140
146
144
144
150
157
144
140
148
136
131
124
116
109
103
100
126
288
320
352
359
346
322
298
278
263
266
269
272
292
288
267
247
264
263
250
234
225
221
210
192
174
157
144
136
135
155
183
193
183
193
188
179
170
165
179
230
190
172
174
170
222
275
326
294
292
326
338
350
341
340
347
400
510
540
564
690
896
1050
1120
1060
1010
961
938
967
986
928
874
824
765
707
673
627
583
540
504
484
475
457
431
410
395
386
375
424
430
417
394
401
391
381
388
401
427
420
443
460
450
433
404
410
414
407
427
407
391
388
378
350
350
335
350
338
326
314
314
308
306
297
375
440
427
407
391
381
372
375
375
369
356
338
323
308
297
283
259
246
243
240
237
286
453
490
456
414
391
381
378
372
363
350
329
314
292
278
259
248
237
227
217
210
202
195
190
185
179
174
170
168
170
170
165
165
179
202
232
237
224
217
235
230
227
217
207
197
185
174
165
157
150
142
138
135
132
128
127
125
122
119
119
116
113
113
110
107
104
104
104
103
101
98,7
96
93,3
93,3
90,7
90,7
89,3
88
88
85,4
84,1
82,8
80,2
78,9
77,7
75,2
75,2
73,9
72,7
70,2
67,7
67,7
66,5
66,5
66,5
65,3
62,9
62,9
61,7
61,7
60,5
59,3
58,1
56,9
55,7
55,7
54,5
53,3
51
48,7
48,7
46,4
46,4
44,1
44,1
43
41,8
41,8
41,8
40,7
39,5
39,5
38,4
38,4
37,4
37,4
37,4
36,4
35,4
35,4
35,4
34,4
34,4
39,5
44,1
48,7
53,3
58,1
55,7
55,7
48,7
43
39,5
35,4
35,4
36,4
35,4
37,4
48,7
65,3
62,9
59,3
54,5
47,5
44,1
44,1
44,1
46,4
44,1
41,8
37,4
35,4
35,4
35,4
38,4
40,7
39,5
37,4
37,4
36,4
35,4
33,4
32,6
31,8
30,2
28,7
28
28,7
33,4
35,4
37,4
36,4
45,2
49,8
48,7
53,3
56,9
62,9
62,9
53,3
48,7
44,1
40,7
39,5
40,7
45,2
53,3
75,2
77,7
77,7
67,7
58,1
49,8
45,2
45,2
44,1
46,4
53,3
53,3
48,7
44,4
56,9
75,5
82,5
83,1
85,7
88,3
87,4
97,8
114
150
177
238
412
423
309
254
247
205
180
148
123
112
116
125
132
124
129
149
168
175
175
178
162
148
131
124
127
122
112
105
104
98,3
94,6
88,7
88,7
89,3
91,7
93,6
107
111
104
96,3
94,3
92
95,3
100
98,7
106
116
124
132
130
128
197
352
444
504
660
961
1160
1390
1330
1160
990
858
784
702
624
566
532
486
468
446
436
419
438
546
535
532
614
651
671
666
641
596
547
501
458
424
409
418
418
437
481
513
523
530
511
493
505
512
498
471
438
410
384
369
378
401
412
388
353
327
308
292
281
274
273
324
330
339
351
366
340
308
290
276
266
258
245
242
244
243
234
218
216
247
288
299
353
420
437
457
479
486
500
503
510
510
501
482
468
436
402
380
349
334
312
297
286
282
276
268
263
267
252
242
232
228
228
228
220
214
209
205
200
196
194
192
192
192
190
188
186
182
174
164
152
149
147
149
149
149
145
137
131
128
125
122
119
119
115
113
110
108
105
102
101
99,3
96,6
96,6
93,9
91,2
91,2
88,5
88,5
87,2
85,9
84,7
83,4
82,1
80,8
78,3
75,7
74,5
73,3
75,7
74,5
74,5
73,3
70,9
68,5
66,2
65,1
65,1
63,9
63,9
62,8
61,7
61,7
60,5
59,4
57,2
57,2
55,1
55,1
53
53
52
51
51
51
48,9
46,9
46,9
45,9
45,9
45
45,9
49,9
53
53
48,9
46,9
45
41,1
41,1
39,2
38,2
39,2
41,1
41,1
39,2
37,3
37,3
36,4
37,3
39,2
39,2
39,2
39,2
38,2
38,2
38,2
37,3
38,2
46,9
54,1
57,2
55,1
53
52
51
45,9
43
41,1
39,2
40,1
39,2
39,2
39,2
37,3
36,4
35,5
35,5
35,5
36,4
36,4
36,4
35,5
36,4
40,1
43
39,2
34,6
32,8
43
60,5
105
116
99,3
92,5
91,2
85,9
70,9
61,7
58,3
58,3
55,1
61,7
68,5
88,5
91,2
115
102
103
101
102
102
102
128
154
150
147
156
156
190
239
252
239
234
213
192
169
147
131
116
108
96,6
93,9
95,2
96,6
89,8
88,5
91,2
108
110
113
122
109
133
131
124
116
110
116
175
177
161
156
161
137
126
133
128
124
128
145
166
171
161
156
147
136
128
127
138
159
186
240
247
222
214
228
225
217
201
198
308
346
347
318
315
297
277
258
237
221
218
204
202
198
210
219
246
241
247
244
239
254
268
264
234
219
214
218
212
198
193
202
198
193
188
194
226
278
346
330
315
332
342
346
336
310
371
326
320
323
320
311
309
291
302
312
401
481
495
518
526
506
470
440
428
420
398
382
360
354
358
349
329
309
298
294
298
306
334
362
345
327
333
334
336
336
330
317
302
286
270
254
238
226
214
203
194
184
178
168
163
166
238
381
414
374
397
518
640
654
615
576
513
460
413
370
332
306
284
271
262
243
229
218
208
198
189
180
172
171
178
182
178
182
182
182
178
173
168
164
161
157
154
150
147
144
141
137
134
131
128
130
127
127
124
124
122
119
116
113
110
112
110
110
108
105
104
102
101
97
94,4
91,8
89,1
89,1
89,1
91,8
87,8
86,5
85,2
82,5
81,2
78,6
77,2
74,6
74,6
73,3
72,1
70,8
69,6
68,3
67,1
64,6
63,3
59,7
59,7
59,7
57,4
55
55
53,9
52,7
55
52,7
51,6
51,6
51,6
50,4
48,1
48,1
46,9
45,8
44,6
44,6
44,6
43,5
45,8
44,6
43,5
43,5
42,4
42,4
41,4
42,4
43,5
41,4
41,4
38,2
36,1
35
35
37,1
35
35
35
33
33
37,1
40,3
41,4
41,4
45,8
44,6
43,5
44,6
49,2
49,2
42,4
38,2
36,1
41,4
46,9
44,6
40,3
56,2
57,4
59,7
56,2
53,9
56,2
65,8
67,1
69,6
75,9
70,8
60,7
53,9
48,1
46,9
44,6
41,4
41,4
39,2
39,2
42,4
44,6
45,8
43,5
40,3
40,3
40,3
42,4
45,8
48,1
49,2
56,2
87,8
95,7
95,7
93,1
91,8
90,4
89,1
86,5
77,2
70,8
70,8
77,2
78,6
75,9
70,8
69,6
87,8
90,4
89,4
85,9
86,5
89,1
87,2
84,5
91,7
103
134
142
156
167
175
218
218
199
185
174
162
154
150
147
143
139
189
135
121
116
117
118
115
110
121
129
121
112
118
119
131
135
135
145
152
182
190
180
176
168
177
167
176
165
159
150
140
135
146
172
181
199
191
192
192
209
215
227
244
270
312
297
301
317
340
369
445
464
444
414
464
531
560
529
476
424
384
353
322
298
279
262
245
233
218
221
210
203
214
221
207
204
207
199
189
183
227
218
204
209
205
218
254
275
279
270
257
240
225
215
208
196
186
187
182
184
196
188
188
187
189
184
179
171
169
162
153
144
140
134
131
129
127
123
116
117
116
115
112
109
109
108
105
104
103
100
98,4
97
95,4
94,4
93,1
92,5
90,4
90,4
90,8
94,4
96,4
95,7
94,1
91,8
87,8
86,5
86,5
83,8
82,5
82,5
81,2
81,2
83,8
83,8
119
129
126
126
124
123
119
116
126
130
130
129
123
117
110
104
99,7
98,4
95,7
91,8
87,8
83,8
81,2
78,6
77,2
74,6
70,8
69,6
68,3
65,8
64,6
60,7
58,6
56,2
53,9
51,6
44,5
44,5
44,5
44,5
44,1
43,6
42,6
41,7
40,8
39,9
39,4
38,9
38
37,1
36,1
36,1
36,1
35,7
34,8
34,4
34,4
33,6
32,9
32,1
31,3
31,3
30,5
30,5
30,1
29,7
29
28,6
27,8
27,4
27,4
26,7
26,4
26,1
25,4
25,1
24,8
24,1
24,1
23,8
23,1
22,8
22,8
23,1
24,4
28,2
27,1
25,1
22,8
21,8
21,5
20,8
21,5
20,8
20,8
20,2
22,2
23,5
21,2
20,2
20,2
19,6
19,6
19,1
18,5
17,9
17,9
17,7
17,4
17,7
18,5
18,2
17,7
16,9
16,9
16,4
16,4
16,4
16,7
16,9
16,9
17,4
17,7
16,9
16,9
16,4
16,4
16,7
17,7
18,2
17,4
16,9
16,9
17,4
17,4
25,5
32,1
34,5
35,8
31,3
28,2
24,8
22,5
20,5
19,4
18,2
17,9
17,4
17,2
17,4
18,2
19,1
20,2
24,5
25,1
33,8
43,6
40,8
34,4
32,9
34,1
29,4
27,8
27,8
29,4
32,1
31,3
28,6
27,1
26,8
31,3
30,1
29,8
32,5
33,8
66,4
71,7
77,6
72,4
69
77,7
93,5
96,2
93,9
94,6
110
78,8
66,6
55,5
47,5
42,2
37,1
72,5
91,8
80,3
67,5
60,2
67,9
70,7
61,1
51,9
47
43,8
46,2
47
50,8
51,8
52,1
52,2
56,1
64,2
81,5
86,5
86,2
108
125
119
122
99,6
87,9
98,6
115
120
107
99,5
102
105
97,7
102
108
115
105
99,8
87,9
85,1
76,6
68,1
66,9
59,3
60,5
79,4
96
131
145
193
237
207
228
252
239
229
217
214
272
272
268
265
298
339
351
342
313
290
275
270
262
240
222
218
209
186
201
209
195
186
186
186
209
198
175
165
163
172
179
166
183
228
311
515
495
558
730
714
837
1000
1050
979
942
897
854
800
764
743
707
713
649
582
525
478
440
408
387
372
359
339
321
312
330
327
302
302
320
340
337
302
283
265
251
242
242
319
378
438
413
408
413
430
453
469
474
470
457
436
411
392
365
343
333
325
322
312
303
292
277
259
241
226
224
217
210
208
206
206
205
201
200
217
243
266
263
300
341
322
368
374
394
437
440
442
448
443
448
500
622
720
920
1490
1810
1650
1430
1200
1060
937
842
762
705
617
597
552
514
477
497
463
431
404
383
363
344
329
311
298
282
269
254
243
231
222
213
206
202
198
165
156
152
149
142
139
135
139
137
138
137
135
128
121
116
110
106
103
102
98,3
95
94,2
112
119
116
112
105
103
97,5
90,3
85,7
82,7
80,4
79,7
76,7
75,3
73,1
72,4
71
71
68,9
69,6
68,9
66,1
64,7
64,1
63,4
60,1
58,1
56,8
56,2
55
56,2
62,7
89,7
108
107
98,9
87,2
75,3
66,1
62,1
61,4
59,4
60,1
60,1
59,4
58,8
56,2
52,5
48,8
64,9
72,4
80
84,2
83,4
76
70,3
66,1
68,2
69,6
74,6
84,9
86,5
84,2
77,5
72,4
64,8
60,1
58,8
56,2
53,1
51,8
51,8
51,8
53,7
54,4
56,9
65,5
78,2
86,8
87,2
88
112
116
110
110
107
113
130
108
92,7
78,9
70,3
64,1
62,1
58,4
58,4
65,8
65,2
77,1
77,4
81,9
110
123
148
142
160
151
158
170
167
197
184
158
140
132
135
136
122
101
86,5
78,9
77,1
76,3
77,5
83,8
80
77,8
123
141
132
132
133
127
128
149
179
218
205
194
204
252
353
466
546
505
476
441
369
338
291
250
224
203
189
184
176
166
164
165
169
183
213
227
240
272
281
274
260
253
265
265
268
275
273
271
266
255
254
267
295
317
364
479
639
667
699
785
777
715
631
570
517
482
461
448
422
404
386
394
413
425
405
397
388
386
380
378
381
385
382
462
459
466
453
454
442
429
424
424
436
487
532
541
565
571
562
546
520
517
522
566
584
614
668
755
777
773
764
800
813
804
786
766
741
709
669
623
585
546
513
484
456
431
404
380
361
341
329
320
315
314
312
310
306
295
282
267
256
244
237
233
232
229
223
217
213
209
204
200
192
187
184
186
183
181
177
171
163
157
153
150
145
140
138
137
136
140
174
230
231
227
227
225
220
210
191
180
168
149
137
132
128
127
132
135
130
126
119
115
112
107
102
99,2
106
108
113
112
110
107
113
135
158
159
160
153
141
131
124
117
114
112
106
104
103
100
97,3
90,8
83,9
93,3
82,7
78,6
74,2
75,7
72,1
71,4
67,9
67,3
66,6
66,6
65,2
45,6
32,2
39,4
43,6
48,6
55,7
55
50,9
43,6
40,9
40,4
51,5
55,6
52,6
43,6
39,7
43,3
48
46,6
44,4
44,1
41,5
33,4
29
26,5
25,7
33,1
32,2
31,3
33,5
35,4
32,8
33,8
35,9
34,7
29,1
24,5
23,5
22,9
22,9
25,4
45,3
56,5
52,6
46,3
48,6
55,3
57,5
68,2
74,7
79,7
71,4
62
51,8
44,9
46,6
46,3
41,5
39,4
36,4
34
32,6
30,8
31,3
31,3
31,7
34,5
33,5
32,6
39,4
46,3
52,6
54,4
53,2
46,9
45,2
50,9
52
49,7
46,9
45,2
43
48,6
56,9
62,6
63,3
59,4
60,1
71,9
83,4
82,7
91,6
125
173
201
210
223
233
215
191
163
143
135
135
139
126
124
111
98,9
94
97,3
105
121
196
201
188
186
185
183
187
182
181
182
169
155
154
157
167
167
177
233
264
270
246
234
201
184
171
160
155
162
172
204
218
220
267
287
289
288
290
281
275
309
305
287
286
339
344
337
349
359
336
313
285
271
269
267
253
236
254
250
236
247
262
277
318
348
428
628
1060
1790
2210
2110
1960
1780
1560
1350
1180
1070
964
873
802
758
729
707
690
671
665
626
608
601
592
605
583
567
564
662
658
663
644
646
602
575
546
542
530
510
510
527
504
506
517
511
525
539
619
732
818
941
986
939
883
847
891
947
993
1020
1030
1010
953
907
876
859
818
820
806
759
736
724
718
739
736
703
663
642
610
580
561
548
546
573
637
708
794
802
813
836
867
889
869
876
880
869
901
1020
1030
990
935
924
885
833
790
755
721
683
642
641
642
616
592
615
678
696
696
691
686
677
661
639
608
566
529
491
460
435
414
391
371
364
355
341
330
317
305
292
285
275
270
263
254
249
240
233
226
220
215
212
210
193
189
187
186
183
180
177
172
167
162
155
151
148
144
140
139
149
208
239
229
223
210
192
167
97,4
181
192
193
187
178
164
151
139
127
121
120
118
117
117
114
111
107
102
99,3
96,4
92,1
91,4
90
86,4
88,6
87,8
85
84,3
88,6
93,6
103
114
115
107
99,3
97,1
97,9
92,8
89,3
86,4
83,6
80
82,2
85,7
88,6
84,3
83,6
79,3
76,7
73,5
75,5
76,7
70,4
66,6
64,9
63,9
64,4
68,5
68,4
67,2
70,4
65,4
64,4
63,5
66,6
72,9
79,3
79,3
75,5
72,9
69,1
67,2
67,8
69,1
71
71,7
74,2
81,5
78
75,5
69,7
64,4
62,5
61,5
66,2
76,8
86,4
86,8
78,1
71
64,9
62,5
60,5
63
65,4
64,9
69,1
75,4
83,6
105
110
126
155
155
145
129
176
165
208
286
335
318
288
274
278
258
232
211
209
203
180
180
197
195
181
195
203
199
191
228
223
220
220
220
216
221
216
232
240
203
181
168
152
163
159
156
169
215
201
187
178
179
188
167
154
129
118
141
185
213
216
212
240
282
285
270
259
233
205
181
164
149
136
131
127
119
126
143
152
167
197
224
241
242
250
244
258
246
255
240
268
326
381
389
390
409
410
408
403
382
384
356
338
349
349
349
357
359
341
301
268
242
267
292
276
290
294
277
262
262
274
255
263
268
281
282
266
329
380
452
438
417
443
464
487
521
492
466
444
424
410
395
384
389
386
393
419
488
541
527
521
507
527
517
543
544
588
533
522
509
493
470
464
465
467
485
475
453
439
418
390
372
357
345
321
355
311
309
324
345
361
387
384
377
361
361
349
336
317
303
289
291
266
259
262
317
334
435
567
588
595
652
702
765
820
922
1110
1370
1560
1500
1330
1130
961
851
771
706
645
609
560
515
482
448
421
391
368
344
330
312
298
287
272
256
245
234
225
220
219
248
278
293
313
367
398
418
417
424
422
411
419
411
394
374
347
322
300
285
268
246
231
216
204
194
185
178
170
164
159
155
152
145
137
129
124
121
120
117
114
111
107
103
100
98,7
97
97
97,7
108
107
110
124
122
97,9
91,3
90,4
87,4
85,8
82,8
77,5
72,7
65,2
61,9
70,5
57,4
50,9
73,4
75,6
78,3
81,3
85,1
78,1
43,2
27
37,9
44,6
27,7
27,5
27,9
28,5
30,3
28
27,5
27,7
28,3
29,6
38
41,9
36,2
104
61,4
35,9
45,1
72,2
38,1
61,5
102
36,3
96,5
104
76,6
101
101
52,7
82,6
76,4
122
128
110
133
112
143
132
173
121
139
106
114
124
85,5
179
153
231
227
289
282
264
245
220
219
219
169
197
134
242
288
285
256
249
256
232
247
231
246
216
176
329
365
395
376
399
396
362
346
317
256
289
339
351
347
334
291
270
235
232
230
210
204
226
233
204
236
144
180
240
243
260
224
227
226
238
237
82,3
187
174
169
169
219
219
160
225
248
282
264
234
236
234
192
200
193
215
291
296
253
275
303
310
333
322
296
284
266
259
238
228
242
185
225
228
233
300
339
362
387
387
388
377
391
381
380
371
381
374
380
376
425
418
404
380
369
424
293
280
420
475
475
537
528
532
499
511
513
534
619
661
762
958
1030
1040
1070
1020
932
887
853
802
782
791
740
683
677
631
626
609
650
674
755
829
875
918
962
967
1000
964
1060
1110
1140
1150
1120
1020
929
854
785
772
752
743
725
772
688
655
705
666
674
673
671
665
567
580
512
517
466
499
510
530
562
639
618
744
830
850
748
735
742
465
593
472
425
426
455
424
458
403
403
410
296
328
214
311
338
275
270
255
238
282
293
229
271
245
230
49,5
53,7
73,3
161
129
153
87,6
102
114
66,6
123
160
140
116
100
115
70,2
118
109
111
103
86,5
150
100
102
113
113
109
98,4
108
37,9
98,4
91,2
84,7
89,5
85
88,4
93,8
75,7
93,8
102
135
212
243
141
199
99
119
75,6
102
72,3
67,4
73,6
98,1
89,6
69,2
95,5
88,5
73,7
36,2
78,6
76,1
69,9
70,5
64,6
68,2
98,1
55,1
78,7
74,2
138
125
37,1
70,8
128
58
48,2
76,5
126
40,1
95,9
99,4
111
116
89,9
68,8
51
91
76,4
62,6
130
160
120
63,2
134
94,5
78,3
86,9
88,5
74,1
121
101
105
134
39,8
31,8
115
108
70
123
126
83,4
116
121
89,8
88,6
126
138
140
38
36,9
62,3
136
64,4
38
29,7
49,7
57,6
39,9
46,9
37,5
50,9
91,3
34,2
45,9
41,3
34,5
67,5
86,4
74,1
60,7
76,7
103
67,9
115
155
59,4
52,7
189
43,9
58,5
177
236
176
76,3
62,4
71,2
110
122
61,5
80,6
68,7
59,4
68,2
60,9
61,4
51,7
48,6
53,6
40,5
33,1
31,4
97
85,8
58
79,8
74,3
70,7
145
114
171
134
156
77,9
78,8
172
97,8
173
152
151
118
146
173
143
181
158
215
152
216
177
130
130
112
189
203
220
244
262
154
329
260
256
237
227
246
266
219
185
145
131
221
215
222
235
270
226
208
279
235
297
363
384
348
391
351
354
284
290
317
232
282
236
230
222
272
282
166
226
247
243
272
245
336
324
368
274
285
256
255
159
143
210
209
249
252
290
254
217
298
229
281
247
281
354
346
271
340
377
310
338
313
310
292
298
329
342
397
333
298
363
267
241
247
254
306
312
246
387
254
272
240
214
252
261
300
309
256
278
304
310
246
234
267
250
275
240
275
273
278
249
179
138
231
234
218
181
259
347
281
545
991
1160
1150
1050
902
803
707
594
717
839
749
688
626
587
674
674
663
649
652
735
758
671
596
574
599
595
548
475
508
559
614
598
595
583
529
500
514
484
461
505
433
397
397
363
351
334
339
293
262
222
49,5
299
309
232
214
223
126
242
252
194
229
207
186
184
176
240
145
145
170
199
148
142
137
113
117
148
147
143
121
150
147
154
115
107
106
128
146
115
134
129
84,7
63,5
94,7
142
97,9
98,5
108
48,4
72
53,4
58,9
78,9
123
103
92,5
97,3
105
102
117
121
92,4
117
106
82,8
105
74,1
62
82,1
81,9
84,2
35,3
93,6
90,7
119
108
158
126
128
249
185
150
180
123
142
144
161
144
150
168
170
139
161
146
146
132
123
143
147
124
149
150
147
157
146
145
143
140
73,2
128
127
139
151
144
147
149
118
139
127
139
76,1
143
132
158
111
119
101
70,8
79,6
70
90,7
106
108
59,4
70,2
90,4
88,6
54,3
60,3
79,6
77,2
56,3
71,4
109
119
112
134
159
64,8
92,2
82,2
156
170
143
155
195
235
239
300
284
295
251
214
228
296
257
291
308
298
291
292
271
336
292
316
340
318
360
393
365
414
381
265
242
288
239
290
275
336
282
297
360
308
343
296
284
326
316
327
273
275
246
267
198
285
289
294
292
316
286
282
237
291
257
346
355
317
335
364
308
354
349
319
381
391
300
337
344
394
342
414
430
355
375
397
365
299
313
332
313
308
368
317
320
329
295
250
303
325
280
340
285
294
290
346
382
450
421
378
312
319
340
343
386
390
381
366
364
308
322
360
389
451
483
432
481
498
497
480
543
564
514
508
516
630
621
553
678
956
1090
1180
1340
1230
1160
1140
1130
1000
943
873
784
725
712
707
691
661
641
621
607
556
597
504
494
443
482
402
454
441
546
580
598
532
576
533
515
467
428
412
420
395
323
341
304
286
322
309
346
286
288
337
332
408
322
302
318
280
255
304
269
354
300
384
224
290
346
404
299
333
324
236
231
270
289
311
308
347
329
289
299
266
290
244
191