204
204
200
202
202
200
197
193
193
190
187
184
180
171
164
161
158
155
148
145
145
142
139
137
136
136
132
134
134
134
134
134
132
132
129
124
118
116
117
117
114
111
108
106
105
102
101
99,9
99,9
99,9
97,6
97,6
97,6
97,6
96,4
95,3
95,3
95,3
97,6
99,9
102
105
122
139
139
139
145
210
193
160
153
152
148
147
142
148
147
145
134
126
120
117
123
117
112
109
117
120
114
106
102
104
98,7
114
99,9
108
105
104
98,7
99,9
97,6
95,3
97,6
95,3
97,6
158
155
136
145
134
120
117
120
148
145
161
210
163
168
219
198
166
148
142
136
129
129
120
120
111
123
153
158
160
152
161
156
153
171
187
200
185
231
190
180
176
187
174
164
152
142
136
132
139
144
256
352
452
431
400
351
327
255
269
301
294
276
287
294
276
259
252
272
258
240
229
234
226
206
188
176
165
158
155
173
200
226
202
217
256
246
210
191
189
243
228
200
198
204
278
496
408
332
308
414
397
366
346
361
367
434
678
761
844
808
1330
1300
1880
1380
1150
1070
1080
1140
1240
1100
989
876
810
737
722
669
640
564
521
499
498
480
444
424
406
398
392
488
478
440
416
450
422
398
398
406
428
434
442
456
442
424
402
398
410
404
414
408
400
394
373
371
390
358
378
356
339
326
319
316
319
316
615
624
483
434
408
392
380
386
378
364
354
344
334
318
310
294
280
272
263
256
250
302
459
476
445
404
382
373
368
362
354
350
340
315
300
287
268
256
246
238
230
223
216
210
203
198
194
192
190
187
187
188
187
185
190
190
221
244
234
231
229
231
231
224
217
207
198
188
180
174
169
162
158
155
152
152
149
143
140
139
137
136
133
130
129
127
125
122
125
122
120
118
118
114
116
116
109
109
108
108
104
103
103
98,9
103
95,2
97,7
96,4
96,4
97,7
91,4
89
89
90,2
92,6
92,6
91,4
89
90,2
85,4
86,6
86,6
87,8
85,4
81,9
79,5
78,4
80,7
81,9
80,7
77,3
81,9
71,7
71,7
71,7
73,9
76,2
76,2
75
73,9
72,8
68,5
68,5
63,3
67,4
69,5
69,5
67,4
69,5
67,4
71,7
71,7
72,8
70,6
69,5
77,3
89
109
103
98,9
100
87,8
73,9
70,6
68,5
64,3
62,3
63,3
68,5
63,3
86,6
105
95,2
86,6
84,2
78,4
80,7
71,7
76,2
76,2
76,2
67,4
68,5
69,5
67,4
66,4
69,5
69,5
68,5
66,4
65,3
63,3
63,3
63,3
63,3
62,3
55,3
56,3
64,3
67,4
70,6
81,9
95,2
90,2
132
125
108
103
100
97,7
91,4
85,4
79,5
78,4
72,8
76,2
77,3
106
139
134
127
113
97,7
89
86,6
89
90,2
81,9
79
94
89,3
105
95,5
100
106
112
113
116
116
135
146
167
201
246
369
543
430
362
335
288
255
219
191
174
168
166
154
160
152
160
178
182
186
190
181
165
150
140
144
139
132
124
122
120
114
112
114
111
117
116
119
131
127
120
116
119
120
131
125
130
140
142
156
150
194
639
584
752
729
836
1200
1360
1550
1580
1340
1120
975
1110
806
677
601
560
516
513
515
594
578
624
768
723
630
751
763
799
837
830
711
612
550
501
463
458
526
535
571
1090
822
745
719
646
571
590
579
555
516
478
449
424
404
443
448
467
427
387
360
340
322
300
257
244
361
376
402
394
392
368
340
314
299
296
284
276
270
273
269
260
250
247
251
311
327
346
426
445
449
468
477
488
494
498
497
488
472
454
427
406
397
387
362
333
310
298
296
291
286
283
282
277
255
246
244
242
238
232
228
225
220
212
207
207
208
204
204
204
199
196
194
189
183
176
170
166
164
167
164
161
168
165
159
154
151
151
147
143
141
140
140
140
134
133
130
126
123
124
123
120
122
122
123
122
122
119
118
116
115
115
111
115
115
113
111
113
107
107
102
102
99,2
97,9
96,7
99,2
97,9
96,7
100
102
96,7
94,2
94,2
92,9
87,9
91,7
91,7
89,2
87,9
86,6
87,9
86,6
85,4
80,4
81,6
80,4
80,4
79,1
82,9
87,9
85,4
80,4
80,4
79,1
74,1
74,1
69,1
71,6
66,6
74,1
70,4
67,9
69,1
62,9
60,5
65,4
62,9
65,4
62,9
71,6
65,4
65,4
67,9
66,6
64,1
85,4
85,4
89,2
91,7
91,7
90,4
86,6
84,1
84,1
67,9
67,9
70,4
66,6
70,4
70,4
65,4
67,9
56,9
62,9
64,1
60,5
66,6
65,4
66,6
61,7
74,1
65,4
65,4
59,3
65,4
86,6
143
159
141
129
124
123
113
100
94,2
97,9
103
95,4
107
111
129
126
141
148
147
145
145
154
161
172
188
197
214
210
320
431
557
355
302
264
230
206
184
166
154
146
133
126
129
168
157
151
147
147
157
161
184
184
182
176
173
159
157
152
483
297
232
254
283
217
178
173
176
173
173
192
214
206
203
202
188
173
158
162
176
196
211
260
289
266
273
337
323
286
251
322
686
505
543
427
491
408
354
320
290
270
282
257
249
238
253
276
380
405
354
317
335
436
412
356
303
275
276
271
262
248
238
255
263
260
243
262
288
372
533
450
456
756
596
494
450
404
482
414
426
403
410
392
385
398
404
482
856
696
673
623
637
633
625
563
516
483
470
526
446
422
426
411
389
368
358
349
368
398
400
429
407
384
376
378
378
378
370
362
348
331
312
297
279
265
253
239
233
223
215
208
200
209
669
708
557
466
440
532
644
681
653
603
549
505
460
419
380
351
329
312
297
282
268
256
248
234
222
216
207
203
206
220
215
219
219
215
209
206
200
197
194
191
186
185
182
178
173
171
169
168
164
158
153
150
148
148
145
142
141
138
135
132
130
129
126
123
122
120
122
119
116
113
115
113
116
116
116
113
112
106
99,6
99,6
94,5
95,7
89,5
92
93,2
95,7
88,3
94,5
92
92
93,2
92
92
84,6
84,6
83,4
83,4
84,6
82,1
83,4
82,1
78,5
79,7
77,3
78,5
76,1
73,7
73,7
73,7
72,6
74,9
71,5
70,3
71,5
74,9
72,6
71,5
73,7
72,6
71,5
69,2
71,5
69,2
69,2
69,2
68,1
63,6
62,5
60,4
60,4
59,3
57,2
56,3
57,2
58,3
62,5
64,7
65,9
74,9
70,3
69,2
69,2
71,5
73,7
71,5
68,1
64,7
57,2
58,3
62,5
73,7
71,5
73,7
80,9
88,3
88,3
83,4
85,8
93,2
90,8
90,8
94,5
92
84,6
78,5
74,9
72,6
67
64,7
63,6
63,6
63,6
63,6
61,4
63,6
65,9
65,9
61,4
64,7
67
71,5
70,3
78,5
125
133
119
116
112
112
109
105
104
102
105
101
102
104
98,2
92
98,2
115
113
108
112
112
109
108
116
136
150
170
236
213
286
292
271
239
213
197
185
176
170
170
167
155
212
167
144
141
143
141
136
129
133
150
150
139
185
166
147
153
156
170
170
194
206
209
218
194
204
225
209
219
207
178
164
172
227
231
245
300
279
283
266
330
297
283
341
385
417
400
411
409
500
531
604
593
575
519
580
859
775
690
592
515
468
429
392
361
339
319
299
281
265
282
273
268
263
257
256
255
254
258
236
228
249
271
262
284
275
300
315
400
432
375
325
300
282
272
281
247
231
228
224
226
245
240
229
222
218
219
213
207
197
191
180
171
165
160
155
152
150
145
141
141
138
135
132
130
129
129
126
125
123
122
120
122
119
119
119
128
118
119
118
116
116
115
116
116
113
116
113
118
115
118
115
112
112
115
122
141
141
141
141
136
135
132
132
142
142
142
139
135
129
123
118
118
115
112
104
101
101
112
112
112
108
105
102
99,6
95,7
88,3
88,3
84,6
85,8
85,8
86,4
87,4
78,4
79,1
81,3
82,5
77,1
73
71,4
67,6
63,9
63,9
63,2
68,2
58
58,6
56,5
55,9
54,7
57,7
53
56,6
55,7
54,7
51,8
55,9
53,6
51,5
50,7
53,4
51,9
49,8
39
43,5
46,4
35,4
41,2
37,9
36,8
45,2
43,8
44,7
46,9
47,7
45,5
43,2
41
37,6
38,2
41,9
44,7
42,1
39
39
36,6
33,8
34,4
34,6
35,7
34,1
32,7
33,3
35,7
37
36,3
34,9
33,5
34,4
31,9
29,8
28,5
29,3
25,3
23,5
22,7
23,7
21,6
22,1
22,1
22,4
21,6
21,9
22,4
23,7
23,5
22,9
24,5
22,7
20,3
20,8
22,1
29,3
13,9
22,4
25,6
23,2
22,7
22,9
22,1
19,5
19,5
29,5
46,3
52,1
50
40,6
35,9
33
29,3
27,1
26,1
25,3
25,5
26,4
26,4
26,4
30
36,5
35,2
39,5
40,9
40,1
44,6
45,4
46,3
47,2
42,3
40,9
41,2
52,7
47,4
48
43,2
48
48,9
69,9
53,5
51,8
146
166
136
206
156
119
234
372
181
157
140
130
120
99,2
96,1
86,1
81,9
76,2
68,5
110
112
124
106
94,1
98,2
94,7
86,4
82,5
75,8
87
95
96
90,9
98,8
89
88,6
93,1
101
118
118
149
192
291
210
173
149
134
225
177
184
249
218
169
145
154
149
152
138
130
117
110
120
104
99,4
99,6
93,1
101
129
160
269
293
325
334
258
266
263
262
250
294
316
337
316
307
399
635
479
414
368
323
304
305
287
262
237
226
223
215
199
215
201
194
192
209
222
212
191
183
190
191
202
197
245
398
437
628
511
540
2310
1740
1070
1420
1610
1270
1150
1070
974
919
839
812
783
901
742
648
579
531
476
442
413
401
389
364
342
326
359
353
329
333
370
367
362
326
299
279
266
256
263
319
393
455
436
424
409
424
436
454
467
464
453
429
408
394
370
350
332
319
313
311
301
291
275
261
244
235
237
229
218
216
210
209
207
206
207
211
228
256
253
263
321
342
347
351
372
414
414
412
416
415
422
454
571
680
799
1340
1880
1850
1610
1330
1130
996
872
767
701
639
588
538
497
458
424
393
364
338
320
298
283
268
256
243
231
221
210
199
190
183
175
169
166
163
157
152
148
143
141
143
138
130
135
140
142
137
131
127
121
117
113
111
111
108
108
106
114
121
123
123
117
114
111
108
106
104
101
101
100
99,1
98,8
99
92
85,6
87,9
96,5
89,1
83,9
90,7
85,1
84,8
86,3
85,7
83,1
78,2
78,6
82,2
83,6
82,2
89,6
113
111
108
93,7
89,2
85,6
84,7
81,9
81,9
83,8
84,1
84,7
83,3
78,9
81,9
85,6
97,2
96,6
99
102
101
93,1
90,2
112
96,7
91,9
98,3
104
106
101
97,2
94,6
95,1
84,1
82,7
80,8
81,4
77
80
80,8
80,8
83,3
86,1
102
166
122
124
141
137
134
150
127
127
133
138
117
110
103
105
104
99,8
102
112
119
112
115
110
129
137
177
164
206
169
172
208
219
203
199
176
151
143
139
143
143
120
115
109
102
103
115
109
105
123
159
151
154
155
144
158
152
207
187
229
224
231
243
334
401
456
504
476
413
371
335
314
272
241
216
200
185
175
169
165
161
178
168
173
197
228
278
275
277
265
254
243
260
257
256
258
268
261
252
245
243
332
324
318
458
902
1060
957
799
840
826
757
670
593
546
532
498
477
498
462
404
453
575
626
470
436
409
390
394
379
371
379
412
710
572
654
569
513
474
564
591
657
693
626
610
601
647
635
603
567
542
617
613
772
725
753
781
865
895
891
883
999
1070
983
888
847
821
820
728
657
606
570
555
517
467
434
406
382
359
341
333
322
312
312
309
307
297
287
275
263
251
250
244
230
225
225
221
219
214
210
207
198
187
185
185
188
187
181
178
172
166
163
163
160
154
149
147
144
144
154
163
204
214
210
210
210
204
196
186
175
164
155
145
139
138
136
137
138
137
134
128
126
124
120
118
115
114
118
117
118
118
116
116
124
145
150
148
146
139
132
127
123
118
115
115
111
110
109
107
107
108
112
107
110
109
96,2
87,6
81,9
89
87,3
83,1
80,9
89
88,5
85,8
78,1
83
73,1
74,9
77,8
74,4
76
77,8
73,1
67,5
76,7
71,5
72,9
74,7
76,7
77
76
68,8
68,8
68,5
63,3
62,6
62,4
64,1
59,1
60,9
60,4
60,2
64,3
62,6
61,9
62,6
66,8
60,7
60,7
60
57,4
59,7
65,3
72,6
73,8
71,5
74,4
77,9
85,2
89,9
90,2
101
97,4
99,6
94
92,9
82,4
80
81,4
81
89
80,2
69,3
65,3
63,1
61,9
57
56,7
59,1
69
61,7
59,3
62,8
71,6
82,1
87,1
89,9
81,9
79,1
69
73,9
84
80,5
74,4
70
78,6
82,9
89,9
96,2
92,8
95,1
98,2
108
116
122
164
187
216
197
193
192
186
172
149
131
149
142
131
125
123
125
118
118
126
135
140
173
173
156
179
270
179
170
160
170
169
164
168
170
177
173
158
206
249
261
241
249
183
174
156
162
148
169
187
192
228
250
288
268
261
251
250
264
256
282
299
280
272
299
325
331
374
393
337
299
273
244
243
229
227
233
252
228
215
224
247
254
319
359
533
1120
2240
2480
2550
2490
2300
2070
1810
1550
1320
1180
1030
907
840
772
739
721
713
698
696
624
604
617
623
639
645
600
576
745
735
778
716
712
598
552
518
512
545
487
482
517
496
518
570
570
545
574
674
1130
966
1040
1090
1040
939
946
1500
1270
1200
1230
1160
1120
1050
983
918
976
882
874
864
792
751
755
731
784
773
744
665
635
589
563
548
534
515
532
736
777
810
819
808
832
864
895
919
967
942
911
892
1010
1080
1050
981
937
880
818
769
713
682
658
634
605
607
574
557
595
631
646
645
638
625
613
599
580
549
514
477
440
411
386
364
344
330
317
308
298
284
275
265
257
250
244
240
235
228
221
212
201
197
200
194
186
189
185
186
185
182
177
175
178
176
170
168
164
160
154
148
146
144
145
162
198
215
208
193
173
161
144
157
171
166
174
165
151
145
130
127
128
126
120
118
129
127
123
125
118
122
112
109
114
106
110
113
104
106
103
105
110
122
122
123
122
120
115
116
110
105
126
120
101
97,8
94
91,4
102
92,3
96,5
103
96,1
89,4
86,3
95,5
84,1
82,9
80,4
78,9
84,1
86,3
88,8
90,7
89,2
93
85,3
87,6
90,1
99,9
94,9
96,5
96,1
92,3
93
92
94,9
97,1
94,9
96,8
93,9
97,6
97,8
96,9
85,6
80,7
86,9
82,9
85,3
88,5
94,9
104
92,3
92
95,2
94,2
87,5
91,1
86,9
90,1
95
134
125
126
138
164
160
151
146
168
201
303
354
343
317
288
275
307
328
258
227
248
296
216
224
216
203
182
188
213
217
237
376
271
252
249
238
225
219
239
242
294
221
192
183
156
156
194
181
187
209
211
182
177
171
182
176
166
158
133
162
207
210
220
237
232
270
314
276
265
232
209
180
170
164
144
142
148
142
145
154
156
164
246
241
252
249
248
248
242
236
250
240
278
317
453
468
433
405
395
390
390
361
342
334
310
319
327
353
334
336
333
294
262
236
237
276
262
278
294
272
264
254
284
258
243
262
355
290
288
420
464
491
443
419
467
474
507
654
577
533
563
496
475
477
417
412
407
411
490
491
522
527
549
507
525
543
567
527
530
514
485
472
463
439
459
443
419
443
490
438
417
392
363
343
330
316
305
297
320
316
337
369
353
365
370
357
350
333
327
311
298
285
276
264
259
248
280
285
313
473
529
542
537
577
620
710
756
845
1000
1270
1490
1510
1360
1140
937
803
719
650
592
549
508
466
432
406
382
356
334
315
298
283
271
262
250
241
229
219
210
209
213
223
243
238
261
321
349
374
382
387
392
376
381
380
367
348
329
309
291
275
260
245
231
221
219
207
202
194
182
178
174
170
165
164
167
167
165
164
156
146
156
144
148
150
151
149
146
136
136
140
139
141
144
144
143
143
132
124
125
123
124
123
122
107
100
104
104
94,1
118
117
118
121
121
124
110
80,9
69,6
78,1
63,1
55
49,8
58,6
65,9
57,3
52,5
57,5
60,4
70,2
80,6
75,8
85,2
129
89,6
82,3
85
97,9
93,5
110
97
70,8
109
97,9
126
111
67,7
89,4
101
100
105
122
120
134
154
168
164
172
180
182
152
176
182
247
219
251
255
384
337
284
247
239
225
223
155
221
247
317
383
337
295
294
232
220
275
326
279
295
296
484
418
428
440
411
389
370
359
319
317
329
430
370
350
330
301
260
233
236
256
234
223
230
251
267
271
239
174
232
261
240
228
230
224
226
232
175
216
193
168
167
225
242
216
244
291
332
290
242
235
243
223
360
379
457
414
343
345
343
386
397
440
370
316
305
286
288
339
320
425
354
345
358
316
317
344
358
374
392
385
374
386
368
389
378
493
394
375
373
442
473
433
409
439
644
441
344
436
486
517
594
553
622
552
575
731
855
941
820
877
1210
1460
1340
1230
1150
1030
1010
895
822
873
778
692
716
729
685
648
709
965
857
1240
1700
1190
1050
1060
1120
1090
1160
1550
1250
1340
1350
1520
1110
1050
899
854
784
840
866
793
703
704
732
808
870
724
688
656
642
572
558
516
509
492
778
636
550
623
588
599
747
716
815
708
633
663
522
543
492
437
434
420
412
386
359
378
362
327
324
279
224
264
288
308
281
224
254
299
256
250
297
318
259
167
162
120
183
164
151
145
152
140
119
159
161
147
132
134
144
135
152
141
140
134
161
152
136
118
145
149
147
127
120
135
132
129
124
127
117
119
102
121
135
131
204
277
234
194
216
179
177
170
190
85,6
134
162
155
121
119
121
133
191
101
167
94,4
97,8
147
104
95,1
104
88,9
91,5
85,8
112
115
59,6
118
144
90,7
93,2
91,3
131
67,5
102
124
126
128
119
84,9
81,1
116
108
76,8
150
153
111
96,2
101
95,7
112
123
135
104
129
157
158
141
56,1
78
113
129
87,6
129
152
137
178
154
143
80,5
116
128
122
69,1
109
88,5
138
84,9
94,9
62,6
98,9
81,2
82,9
122
90,3
152
123
63,9
139
74,1
123
85
103
79
86,4
102
142
141
150
142
73,6
220
164
71,2
127
60,5
48,5
26
19,9
32
46,5
39,6
34,6
29,6
28,9
38,7
50,8
49,1
49,1
64,9
74,1
61,3
69,5
65,5
63,1
62
59,6
55,7
53,6
51,5
53
78,4
73,7
88,1
179
191
252
240
174
90,1
45,7
23,1
21,8
19,9
172
289
99,6
87,6
214
245
164
290
186
170
145
198
162
247
329
331
362
300
282
359
335
306
245
251
293
293
287
202
274
309
247
235
233
289
300
347
367
385
309
397
510
431
833
458
436
381
401
413
387
329
330
300
259
284
292
305
303
286
277
276
218
309
356
411
377
284
289
283
289
293
205
228
271
288
312
386
490
319
315
294
362
380
429
470
388
367
441
373
364
338
323
493
401
477
415
568
385
379
358
336
318
290
250
314
329
296
371
461
539
397
411
357
322
311
244
302
352
476
377
333
336
457
331
327
310
243
284
355
313
311
311
352
226
220
205
307
275
339
398
1150
1410
1530
1320
994
876
776
763
707
1050
981
844
779
718
795
719
785
756
675
740
802
690
659
594
600
624
625
463
469
540
713
614
641
608
576
480
492
579
435
517
458
443
446
384
423
297
308
366
315
331
119
280
337
323
346
257
171
98,5
231
315
172
163
177
186
134
201
165
167
166
175
160
105
113
126
123
131
135
118
169
146
184
160
151
78,2
74,8
52,5
53,4
69,9
83,6
89,8
115
111
84,9
117
116
90,9
117
53,4
53
68
73,9
131
141
89
141
163
103
155
177
134
169
162
132
102
137
85,2
80,5
58,2
69,5
47,6
54,7
41,3
74,7
109
152
159
185
87,2
180
195
156
161
172
159
136
169
191
169
169
159
163
56,4
93,1
149
116
151
133
84,3
67,8
150
196
182
176
156
155
88,4
129
117
154
156
159
192
166
152
183
173
165
166
175
91,7
140
163
162
166
161
74
61,1
52,9
91,8
130
160
152
167
118
162
93,6
108
109
113
98,8
50,8
105
125
122
162
158
176
165
182
161
157
159
175
204
210
271
289
288
386
375
453
497
311
436
272
279
367
372
434
397
361
447
284
288
290
293
283
395
508
511
447
285
204
335
282
315
300
277
253
362
338
391
344
308
295
219
143
313
335
328
326
319
283
282
274
285
279
291
227
241
159
245
282
360
294
382
384
372
334
320
340
357
433
431
353
354
347
397
395
442
448
436
431
486
367
380
352
264
294
385
460
409
292
399
307
337
244
337
358
380
145
361
276
392
443
498
565
522
489
421
421
379
379
413
414
386
384
390
286
264
404
454
548
523
513
495
487
496
555
558
530
588
752
702
689
632
624
1430
1750
1390
1280
1430
1420
1250
1250
1040
1010
877
882
824
732
691
710
588
654
580
567
571
528
528
525
412
487
427
461
462
1020
968
685
640
500
595
576
462
420
458
455
454
450
462
457
288
250
268
280
296
233
354
361
439
403
377
369
215
276
387
342
329
258
353
205
208
309
334
332
339
288
278
195
286
342
293
356
377
284
248
188
211
219
239
200