72.90									
38.10									
32.00									
37.30									
99.80									
242.00									
538.00									
1500.00									
1860.00									
1600.00									
516.00									
195.00									
97.40									
59.60									
47.60									
55.80									
140.00									
466.00									
1490.00									
1710.00									
820.00									
1290.00									
593.00									
211.00									
97.40									
71.60									
49.50									
58.90									
134.00									
570.00									
646.00									
794.00									
1600.00									
1274.00									
817.00									
284.00									
123.00									
92.10									
55.00									
46.70									
91.30									
600.00									
564.00									
1480.00									
1000.00									
1090.00									
595.00									
257.00									
109.00									
65.20									
58.60									
92.40									
100.00									
261.00									
908.00									
984.00									
1840.00									
914.00									
489.00									
180.00									
90.50									
58.80									
42.90									
38.50									
51.90									
230.00									
634.00									
1290.00									
823.00									
1650.00									
732.00									
233.00									
127.00									
78.80									
50.70									
66.20									
161.00									
451.00									
673.00									
2110.00									
1570.00									
1270.00									
449.00									
241.00									
104.00									
66.10									
52.10									
91.90									
242.00									
516.00									
568.00									
882.00									
1020.00									
1150.00									
530.00									
307.00									
133.00									
74.40									
44.40									
44.60									
214.00									
346.00									
731.00									
2040.00									
1620.00									
1430.00									
779.00									
336.00									
103.89									
54.16									
88.44									
89.51									
271.13									
509.69									
968.66									
1126.96									
1378.21									
1034.36									
383.07									
151.96									
79.69									
49.49									
53.80									
60.00									
90.25									
725.68									
678.13									
1408.69									
1610.66									
1160.90									
774.45									
248.18									
114.98									
56.05									
34.90									
56.90									
110.58									
200.47									
772.21									
1231.57									
1661.37									
1181.82									
386.55									
147.47									
85.41									
50.58									
33.98									
79.57									
108.66									
461.25									
607.53									
1374.48									
1308.96									
973.34									
418.88									
169.57									
92.23									
52.42									
46.71									
58.72									
131.50									
307.01									
611.01									
1090.74									
1200.84									
1298.28									
500.73									
354.93									
121.55									
77.83									
67.49									
85.42									
281.53									
479.24									
1121.52									
1252.37									
1976.33									
1120.96									
438.50									
217.71									
108.83									
56.40									
41.88									
52.86									
119.57									
195.30									
561.81									
669.56									
1542.58									
1246.93									
394.52									
217.52									
104.24									
61.65									
33.30									
104.55									
280.85									
437.62									
494.59									
908.71									
1357.22									
1353.40									
1024.72									
406.79									
137.22									
123.44									
65.03									
130.39									
219.68									
367.10									
1082.65									
1678.57									
1274.36									
980.81									
471.95									
180.10									
