136
148
148
156
185
267
211
177
170
155
140
130
121
117
114
109
105
102
97.4
93.8
92.6
89
86.6
84.2
81.8
79.5
77.2
73.9
76.1
294
449
194
146
126
116
107
99.8
95
87.8
85.4
83
83
78.4
75
73.9
70.7
69.6
67.5
65.6
64.7
63.7
62.8
61.9
60.1
59.3
58.4
63.7
80.7
67.5
65.6
62.8
60.1
58.4
56.7
55.9
55.9
55.9
55.9
55
53.4
51.8
51.8
51
51
50.2
49.4
48.6
47.9
54.9
54.1
53.3
52.5
51.7
51
50.2
49.4
48.6
48.6
48.6
48.6
47.1
46.3
45.5
44.8
44.8
44
43.3
42.5
41.8
41.1
41.1
39.8
39.8
39.8
39.1
39.1
39.1
38.4
38.4
37
37
36.4
35.7
35.7
35
34.3
34.3
33.7
32.4
32.4
31.7
30.5
30.5
30
29.4
29.4
29.4
28.8
28.8
28.2
27.6
27.1
26.5
25.9
26.5
25.4
24.8
24.8
24.8
24.8
24.8
24.8
24.8
24.8
23.7
23.2
22.7
23.2
23.2
22.7
22.1
22.1
21
20.5
20
19.6
19.6
19.6
19.6
19.6
19.6
19.1
20
23.7
23.7
25.4
25.4
24.3
23.7
24.3
27.1
27.1
22.1
20.5
21
26.5
29.4
36.4
33.7
32.4
32.4
33.7
27.1
25.4
27.1
33
30.5
28.2
41.8
41.1
27.6
22.1
20.5
20.5
20
19.6
19.1
18.3
19.6
22.7
24.8
27.6
24.8
22.1
20.5
21.6
22.1
24.8
24.3
27.6
37
61.5
51.7
48.6
41.1
35
30
28.8
31.1
30.5
24.3
27.6
31.1
35
35.7
30.5
28.2
39.1
35
27.6
25.9
28.2
37
33.9
30.8
33.5
41.3
79.4
81.4
72.8
79.8
73.9
114
124
81.4
64.8
55
44.8
41.9
49
58
68.1
60.4
190
76.3
54.9
50.8
52.9
51
45.9
44.6
47.3
50.8
48.1
39.6
35.4
35.5
45.9
60
54
66.1
57.9
59.9
89.5
84.2
88
65.7
71.8
78.7
61.4
74.5
73.8
67.2
58.9
54.4
59.5
99.8
94.3
77
76.9
64.2
62.6
76.5
85.7
93.5
107
134
136
122
125
138
172
184
304
388
279
213
193
277
226
241
199
164
145
131
120
114
111
105
98.8
96.5
93.5
87.9
85.7
82.1
79.5
79.3
88.5
97.4
98.9
84.1
79.1
76.7
160
121
95.1
85.7
83.6
91
142
132
126
142
127
107
97.8
88.6
87.8
84.8
81.4
84.3
89.5
84.3
130
102
94.8
84.3
86.6
77.9
70.5
66.6
63.9
66.4
63.7
60.3
57.4
55.5
53.7
52.1
51.4
49.8
48.2
46.7
45
43.5
43.3
42.5
41.1
40.1
38.9
38.4
37.7
37.7
37.7
37.7
36.4
35
34.3
33
33
33
32.4
35
37.7
32.4
30.5
30
29.4
28.8
27.6
27.1
27.1
27.1
25.9
25.4
25.9
28.8
62.4
55.8
43.3
38.4
39.1
35.7
33
31.7
31.7
41.8
35.7
31.7
29.4
27.6
25.9
25.4
24.8
23.7
22.7
22.1
21.6
21
21
20.5
20
20
19.6
19.6
19.1
18.7
18.3
17.8
17.4
16.9
16.9
16.5
16.5
21.3
21.1
21.1
20.8
20.4
20.3
19.8
19.8
19.8
19.8
19.7
19.3
19.1
19.1
19
18.8
18.8
18.5
18.5
18.5
18.1
17.8
17.8
17.8
17.5
17.2
16.9
16.6
16.6
16.6
16.6
16.5
16.4
16.4
16.4
16.1
16.1
16.1
16
15.8
15.5
15.5
15.5
15.2
15.2
15.1
15.8
16.9
17.8
16.9
16.1
15.8
15.5
15.2
14.9
14.9
14.6
14.6
14.6
15.7
16
15.5
14.8
14.6
14.5
14.3
14.1
14.1
14.1
13.8
13.8
13.5
14
13.8
13.8
13.5
13.2
13.2
12.9
13.1
13.7
13.5
13.7
13.8
13.8
13.7
13.1
12.8
12.7
12.4
13.1
13.8
13.1
13.1
12.7
12.7
12.7
16.7
19.1
17.6
17.4
16.8
16.3
15.7
14.5
13.8
13.4
12.9
12.7
12.4
12
11.5
11.1
10.8
10.5
12
13.7
15.8
19.1
22.2
20.9
17.7
17.1
16.8
16
14.5
16.1
16.5
17.1
16
15.4
14.8
15.2
17.3
15.1
15.9
16.5
18.5
18.4
30
34.2
25
25.6
25.6
36.2
28.4
33.2
25
23.1
23.9
22
19.4
17.8
16.5
15.7
28.1
42.7
35.7
27.4
21.6
30.5
34.2
26.8
22.5
19.7
18.5
18.9
18.7
20.8
21
19.1
17.9
20.4
20.9
43.7
35
27.8
29.7
47.8
50
41.2
31.7
30.7
34.8
33
62.8
47.7
36.9
46.1
46.7
38.3
31
30.2
39.2
35.9
37
31.6
28.3
29.2
26.9
25.7
22.8
23.2
29.9
40.4
59.4
59.5
92.9
135
99.7
101
140
121
92.1
88.3
90
123
147
121
118
140
148
162
180
131
111
95.9
96.5
92.6
83.6
71.4
70.8
79.8
63.6
64.9
96.4
72.4
70
76.7
68.5
79.1
74.4
62
55.7
55.7
67.4
73.6
66
56.8
86.5
90.6
207
165
182
278
613
759
351
365
393
303
310
231
258
247
273
229
233
216
207
168
145
133
127
120
112
114
108
104
96.3
91.8
112
107
110
113
132
167
124
105
95.6
87.8
84.1
84.4
138
160
311
190
175
134
128
116
106
98
93.7
87.5
83.4
78.1
80.7
81.8
78.1
84.4
75.9
83
72.9
68
64.6
62.6
60.2
58.4
58.4
57.7
62.8
61
63
60.6
57
55.5
54.3
53.9
70
89.4
116
84.4
85.8
134
137
117
98.9
88.1
135
111
101
107
93.9
87.2
121
297
374
751
680
339
225
165
143
175
192
149
124
109
96.8
88.4
80.5
75.5
71.3
67.8
76.3
73.9
71.8
70.8
70.5
68.2
65.6
64.3
63.1
61.6
61
59.9
58.5
57.7
56.6
56.1
55.1
54.3
54.1
54.3
50.9
50.2
51.1
49.8
49.4
48.8
47.8
48.6
49.2
48.6
47.9
47.6
47
46.4
45.5
45.1
45.1
45
44.4
43.6
43.9
47.2
47.2
44.8
43.8
43.2
43
42.9
42.5
41.7
41.5
40.8
40.5
40.2
39.6
39.4
39.3
39
38.6
38.4
38.4
38.1
38.5
38.1
37.8
37.5
37.2
36.8
36.6
36.4
36
35.8
35.7
36.5
36
37.2
39
37.5
36.8
36
35.4
35.2
36
38.8
38.3
37.1
37.7
36.7
35.4
35
35.4
36.7
40.8
41.9
39.9
37.1
35.7
35.6
36.8
37.1
39.8
43.4
45.5
42
40
39.3
38.5
36.2
35.6
34.9
34.5
34.1
33.7
33.9
34.7
34.4
35.8
39.1
46.2
41.5
41.5
41.2
41
47.8
44
44.5
44
45.7
49
45.2
41.1
39.6
36.9
36.1
35.1
34.4
35.1
34.3
34
39.7
37.8
35.8
37.2
40.1
40.8
42.9
44.8
47.5
51.3
46.8
67.6
81.1
67.7
48.9
46.4
46.5
47.7
48.9
45.9
42.8
39.5
36.9
37.1
37.7
37.4
37.9
37.8
36.2
45.4
46.2
44.5
48.2
48.7
46.8
45.3
46.4
67.4
76.3
76.9
66.4
73.3
87
150
448
388
184
144
120
107
104
87.4
75.2
69.8
69.1
68.1
69.3
69.1
65.9
63
60.5
60.6
62.1
86.6
87.7
91
112
121
112
102
93.6
103
97.7
108
120
117
112
116
106
109
107
128
151
146
313
347
470
846
546
383
276
217
185
178
157
160
151
142
143
134
130
149
153
140
147
150
142
146
134
135
140
134
126
143
160
150
150
158
141
133
134
141
175
309
252
253
263
207
196
171
145
147
203
293
289
500
580
421
351
384
379
403
363
363
300
274
282
235
202
186
180
171
158
151
143
137
132
128
121
117
114
113
111
106
101
97.9
94.7
92.4
89.7
86.3
84.2
81.9
81.3
83.4
80.9
80.7
74.6
72.6
71.8
70.5
71.1
70.8
69.1
67.8
69.1
69.6
69.4
67.5
65.9
63.4
60.9
60.7
59.9
58.8
57.7
56.5
55.7
55.3
55.1
58.7
96.1
80.9
65.5
60.5
58.2
57.4
56.9
54.6
53.3
52.6
51.6
50.7
49.8
49.2
48.6
48.4
48.1
47.7
47.4
46.8
46.1
45.9
45.7
45
44.8
44.6
49.3
49.3
49.3
49
47.6
47.3
59.1
72.3
61
55.9
53.6
50.5
49.6
48.5
46.7
46.2
45.3
45.3
45.3
44.7
43.9
42.6
41.5
40.2
39.4
38.7
38.7
37.4
36.7
36.2
35.7
35.4
35.4
35.2
34.9
34.9
34.9
34.4
33.5
33.3
32.4
31.9
31.4
31
31
30.5
29.9
29.9
29.9
29.9
29.9
29.9
32.1
33.1
30.3
29.2
28.6
28.1
27.5
27.3
27.1
26.9
26.5
26.1
26.1
26.5
25.9
25.7
26.3
25.9
25.9
24.9
23.9
23.9
23.7
23.9
27.6
32.1
34.7
30.3
28.4
27.9
30.6
30.8
34.6
33.3
36.9
33.6
29.3
26.1
24.7
28.4
28.9
28.4
26.5
24.1
23.3
23.2
23
23
23.3
23.2
24.3
23.5
23
25.6
28.2
27.5
27.3
27.1
27.1
27.9
28.6
32.5
30.2
29.1
26.8
24.2
27
34.8
36
35.1
31.6
32.6
42.9
44.3
38.5
48.6
46.6
65.5
92
91.7
93
97.4
89.8
87
63.8
44.2
42.2
48
45.6
40.3
44.6
41.6
36.2
32.8
32.9
37.2
44.3
51.3
60.3
56.4
56.8
62.2
61.2
63.9
57.4
63.6
63.2
58.6
57.5
58.1
63.4
61.3
65.2
71.1
80.3
95.3
101
91.7
82.8
73
74.1
65.2
59.8
56.9
62.9
66.6
68.1
94.6
91.5
98.4
127
130
124
130
118
106
132
124
107
109
162
185
158
146
134
132
121
109
99.8
94.7
94.3
90.1
82.5
81.4
84.2
80.1
85.9
102
102
126
142
165
496
1090
1290
1100
788
647
515
459
419
362
320
301
271
258
277
299
293
266
241
224
234
217
222
226
212
215
217
204
207
321
302
276
239
214
193
188
182
183
177
170
172
180
178
198
208
210
203
199
247
504
628
453
391
378
313
300
423
472
506
525
463
390
371
344
318
345
325
291
270
279
307
292
275
299
275
256
258
242
225
209
200
199
241
239
446
375
301
256
227
212
200
190
197
282
253
223
204
191
180
184
267
228
200
188
179
180
166
157
159
208
186
167
178
284
287
228
193
182
167
157
147
138
133
127
122
119
116
114
111
108
105
103
100
99.2
97.4
94.8
93
92.6
91.3
89.6
87.5
86.3
85.9
85.1
83.8
81.8
79.5
78.3
78.3
78.3
77.1
78.8
77.3
76.9
75.5
74
73.9
72.9
72.1
71.4
70.3
69.3
68.9
67.8
66.4
65
65.7
71.4
78.5
79.6
76.9
72.5
69.6
67.8
66
66
76.4
72.9
68.9
65.3
63.6
61.9
60.9
59.9
59.2
58.2
57.2
56.9
55.6
55
54.3
53
52.7
51.8
51.1
50.8
50.5
49.6
49
48.4
47.8
47.5
46.6
46.3
47.5
50.6
54
62.8
59.2
51.1
50.2
47.5
45.7
44.5
43.6
43.6
43.6
43.6
44.8
49.5
47.8
44.8
42.8
41.6
41.3
42.2
41.1
39.4
38.3
37.5
37.2
38.3
40.2
40.5
39.4
39.1
38.8
38.5
37.8
39.7
41.1
41.4
43.6
41.7
39.7
37.5
36.1
35.8
36.1
37.5
36.7
38.3
43.1
40.8
38.6
36.4
34.1
33
32.2
32.2
37.4
43.6
43.4
41.1
35.6
32.5
31
31.2
34.3
35.1
37.2
39.4
36.1
38.2
41.5
41.8
46
50.4
53.7
52.3
42.8
45.6
51.6
48.4
75.8
125
105
73.1
65.8
62.8
67.8
60.1
54.8
49.3
45
43.3
46.6
52.6
59
46
41.6
40.3
46.9
51.6
57.1
69.7
57.3
55.5
63.3
57.2
69.8
60.2
64.6
60.6
54.3
49.8
46.2
44.8
43.6
43.5
44.8
47.4
90.2
80
53.6
48
49.6
46
44.2
40.2
37.7
35.7
37.5
50.8
64.4
66.8
53.2
83.4
111
111
93.3
84.6
67.2
59.2
53.4
49.2
46.3
44.8
47.4
46.3
41.8
40.2
42.9
52.5
53
60.6
71.7
87.7
73.8
71.9
70.8
74.7
68.2
81.4
72.6
93.6
133
137
132
128
137
144
139
127
114
118
120
105
112
114
131
124
130
118
99.3
90.6
85.1
81.1
103
91
90.8
106
96.4
86.2
83.4
86.1
83.1
82
102
85.6
94.5
92.4
89.8
110
174
159
129
113
136
146
129
120
111
105
103
104
97.8
105
116
113
114
127
199
275
226
180
171
169
166
170
167
170
156
147
139
128
125
121
129
137
156
143
133
128
119
112
104
104
97.6
96.3
99.5
97.3
93.6
103
123
112
118
124
109
102
102
98.7
94.1
91.4
88.4
85.4
81.3
78.4
76.6
75.8
113
122
102
328
224
164
171
166
159
160
212
343
254
212
184
158
141
126
114
105
97.8
95.5
101
94.7
89.4
84
81.7
78.8
76.6
74.7
71.8
70
67.4
65.7
64.3
63.6
62.3
60.9
59.6
58.2
57.6
59.5
73.7
93.9
90.6
88.4
116
120
127
113
100
87.4
78.5
72.7
68
63.7
60.7
57.4
56.1
54.5
52
50.4
49.8
48.6
47.5
46
45.2
44.3
43.8
43.2
42.6
42.1
41.3
40.8
39.7
38.9
37.9
36.9
36.4
35.7
35.4
34.9
34.4
33.9
33.4
32
31.8
31.6
31.6
31.6
35.2
37.4
36.7
44.4
41.9
34.2
32.3
31.8
30.7
29.8
29.1
28.2
27.8
27.2
26.7
26.7
26.7
27
26.3
27.6
29.1
34.3
32.5
32.1
31.8
30
27
25.1
24.5
23.7
23.3
22.9
22.9
23.7
25.6
28
26.3
25.3
31.6
35.2
34.2
31.7
28.3
26.4
26.8
25.9
24.7
23.1
23.3
30.6
42.7
43.4
47.7
43.3
40.1
44.4
43.2
39.5
33.7
47.5
56.1
50.3
43.7
54.1
45.8
44.2
51.8
52.3
43.7
37.8
35.2
34.2
38.7
73.8
70
66.4
69.6
81.7
77
59.4
50.9
43.8
39.3
38.3
39.4
89.8
81.2
92.4
81.9
62.3
64.9
59.5
57.5
53.6
50.5
60.6
53.4
71.2
92.8
100
108
92.9
99.1
108
99.8
80.8
70.9
71.6
71.5
101
104
116
108
97.9
81.9
74
67.4
62
61.7
62
72.6
61
54
53.4
61.9
59
56.5
60.8
65.7
54.5
51.8
49.4
48.6
54
53.4
50.3
45.3
46.5
58.2
64.4
66.3
64
55.6
48.8
78.1
94.2
61.3
52.4
38.3
3.14
1.89
2.63
2.55
2.55
3.45
2.42
1.95
1.74
2.15
2.32
1.93
1.66
1.63
1.69
1.63
1.6
1.53
1.52
1.53
1.55
1.66
1.6
27.3
70.1
104
138
148
146
147
161
163
154
145
136
131
128
113
129
145
142
137
144
143
70
4.78
45.6
148
142
278
216
185
163
155
171
178
204
332
519
577
588
521
502
388
337
286
331
273
251
232
211
202
194
189
190
187
184
247
316
326
360
380
353
370
358
326
335
376
372
377
346
320
292
264
185
235
222
221
217
224
203
190
178
182
191
168
188
172
153
140
138
132
125
112
109
175
211
182
176
160
162
153
139
119
85.3
42.8
78.4
79.4
62.5
68.9
81.6
83.4
83.4
83.2
82.4
83.2
9.54
7.88
1.94
12.9
4.81
1.97
33.4
55.1
46.2
51.3
73.6
73.5
73.7
69.9
74.1
11.1
1.41
1.21
1.15
1.34
1.58
14
40.3
7.58
8.28
2.59
1.37
26.5
7.39
9.01
50.7
5.47
0.984
0.913
7.22
35.2
21.4
24.4
22.9
11.5
42.1
28.9
35.7
18.8
15.9
25.7
23.5
38.3
30.8
25.6
31.8
33.9
30.8
20.6
17.6
17.3
35.4
34.6
37.7
13.5
14.5
23.5
14.4
12.1
7.08
15.9
38.5
17.2
32.1
36.7
19.6
35.7
38
35.2
37.1
32.7
35.5
32
39.2
18.8
22.1
9.99
6.03
20.7
36.3
33.2
36.7
29.4
22
26.9
43.3
30
12.7
29.2
27.4
21.6
73
91.1
89.9
78.6
29.3
11.4
2.73
48.5
53
52.3
81.9
87.1
53.8
14.5
64.2
98.5
58.8
94.3
107
112
23.4
88.1
80.2
50.1
37
18.4
43.9
25.6
102
118
66.6
95.2
103
55.3
13.7
66.7
83.3
98.3
97.7
40.3
30.1
23.3
42.5
15.5
43.1
36.7
33.7
7.77
2.69
37.9
38.6
30.2
40
27.5
28.8
36.8
34.3
36.8
34.4
36
6.43
25.9
36
17.9
43.8
30.8
47.2
46.3
57.6
2.76
82.1
114
155
146
40.6
30.7
26.8
33.1
29.5
31.8
22.7
25
12.3
8.74
17.9
28.5
22.6
18.9
30.9
30
4.51
21.7
24
25
23.8
32.1
29.5
32.2
35.7
35.9
47.9
58.2
46.9
6.95
3.43
37.3
42.6
33.5
70.5
45.1
45.7
34.6
33.4
33.9
37.1
37.9
29.3
5.67
2.97
30.1
35.4
36.5
30.1
39.6
6.68
5.98
66.5
72.7
101
96.3
90.9
74.6
28.6
24.2
53.8
40.5
29
35.9
29.8
4.13
29.5
67.1
44.5
30.4
27.6
35.3
24.5
70.5
39.5
76.6
78.3
83.9
97.1
50.7
80
73.3
94
98
47.8
32.1
21.4
75.4
35.4
32.9
31.8
43.5
31.2
19
59
67
92.8
93
90.5
66.2
14.8
76.7
64.7
20.1
10.7
21.6
10.2
6.19
37.8
82.2
94.4
42.2
79.7
55.1
69.5
99.6
78
67.9
88.5
91.9
108
112
94.5
62.4
88.5
102
89.9
92.3
94.3
114
109
108
103
101
61.4
81.5
95.8
47
26.2
32.3
122
99.3
19.1
85.4
39.1
11
2.9
2.74
2.54
2.65
4.39
2.8
2.32
5.72
2.7
2.3
2.17
4
10.3
4.45
3.42
3.43
4.05
6
6.12
11
3.11
32
36.7
47.2
2.87
16.8
16.6
8.49
2.24
2.02
1.93
1.88
14.5
18.9
15.7
20.1
4.21
34.2
93
114
80.9
83.6
74.3
129
132
134
111
109
120
77
59.6
41.1
72.7
99.7
89.1
133
84.9
49.3
84
94.5
202
137
134
87.6
60.8
63.2
18.4
89.4
70.7
74.7
44.8
32.9
29.2
7.42
36.8
43.2
52.8
49.5
53.2
45.4
11
64.3
46.3
64.8
62.1
77.9
14.3
8.34
73.9
49.1
42.2
46.8
67.4
56.2
53.6
60
55.4
48.6
48.6
48.6
48.6
48.4
31.6
48.7
66.4
41.5
48.9
30.7
40.4
58.1
46.1
85.5
49.5
31.9
8.21
3.75
10.6
13.4
13.3
13.3
5.97
3.28
4.6
9.37
14.8
18.2
36
15.5
29.2
20.6
25
23.4
34.6
35.7
35.2
54.3
52.1
108
62.9
48.9
48.9
49.6
48.8
44.9
41.5
47.7
46.3
43.7
46.2
50.5
41.4
50
52.7
114
124
118
128
100
102
133
129
105
95.5
101
85.3
77.5
99.5
107
110
101
82.4
20.8
54.7
92.6
107
89.9
22.8
59.7
47.7
80.6
96.9
92.3
104
104
115
84
103
78.7
113
90.6
93.5
113
72.4
91
114
47.3
45
45.2
43.9
31.6
42.2
49.7
43
45.5
36.6
7.13
3.22
3.46
44.7
48.5
31.3
43.2
27.7
31.9
38
41.4
41
19.8
27.7
28.2
13.3
23.8
53.9
37.4
43.9
42.1
46.4
8.71
39.7
54.4
76.6
72.1
116
16.5
4.31
45.2
54.8
52.8
27.4
91.9
57.6
10.3
39.8
61.1
74.8
67.5
81.8
87.4
14.4
84.1
91.3
171
127
132
214
20.7
111
193
72.4
31.6
44.1
20
3.67
45.8
130
199
181
134
185
207
216
208
64
120
97.4
103
115
114
108
23.6
4.17
7.3
12.1
93.9
118
193
197
193
159
78
14.3
95.3
106
69.1
59
73.1
18
4.09
4.98
38.6
46.3
39.7
114
148
104
58.1
110
230
236
241
228
140
177
121
110
121
151
151
60.7
222
130
83.8
125
96.8
51.3
9.98
129
141
56.1
113
33.4
23.7
63
117
234
61.4
4.93
7.48
4.28
3.78
35.5
36.6
58.6
57.5
23.5
127
26.7
64
62.4
52.5
41.7
41.8
131
97.3
31.3
99.9
115
159
145
131
126
176
151
152
192
286
336
724
796
624
523
519
520
486
394
388
374
246
223
354
383
241
177
173
171
170
147
153
151
105
123
129
116
114
123
118
246
307
188
129
167
142
116
83.2
28.7
24.3
75.3
71.2
114
129
80.7
69.5
55.4
117
164
165
91.9
85.9
169
166
169
170
172
54.3
92
165
158
170
132
177
50.5
99.3
51.2
35.3
43.9
39
51
9.2
31.1
55.8
35.9
59.2
59
102
58.2
27.1
39.8
38.5
36.5
35.2
11.7