42.44
21.02
9.22
4.36
11.79
19.25
122.23
252.87
496.53
297.94
158.02
68.35
35.22
16.94
8.89
12.00
28.92
80.44
188.61
619.10
782.33
535.06
214.33
95.34
45.02
23.64
16.36
12.76
50.84
145.90
438.13
666.19
361.97
440.29
158.45
68.31
34.90
18.79
9.72
7.18
29.00
122.24
198.35
320.48
711.27
452.81
308.77
136.56
66.60
39.71
18.79
17.04
45.58
223.55
281.19
738.87
508.23
453.42
256.47
112.85
54.85
27.75
15.24
18.80
27.77
105.57
333.61
463.13
811.87
448.84
285.67
125.04
57.70
31.33
16.15
8.01
12.94
53.81
133.30
432.99
386.28
516.66
260.76
95.93
53.90
24.30
13.58
22.20
36.05
79.37
195.62
588.94
510.60
508.87
171.73
75.06
46.75
26.99
20.15
22.10
64.53
151.21
223.90
378.13
467.27
475.84
274.70
133.56
59.73
33.30
18.65
16.80
43.89
53.62
171.36
955.90
747.60
610.94
293.43
142.74
67.46
33.67
17.90
12.03
15.89
83.60
316.52
414.55
600.63
471.65
274.23
125.91
64.03
36.21
20.05
24.41
59.32
123.87
165.06
271.13
354.80
597.06
256.60
107.15
50.35
24.97
24.52
22.82
47.33
102.93
304.03
534.61
710.37
529.65
242.27
106.59
52.48
28.95
21.03
13.94
30.34
357.56
308.39
680.90
775.27
477.42
379.13
157.00
72.57
37.47
20.59
16.82
29.07
101.92
418.42
645.35
843.00
787.90
268.47
102.53
54.65
29.23
16.45
17.25
25.27
203.44
244.97
841.68
719.50
584.94
225.43
96.08
53.95
28.87
29.06
22.02
72.42
116.20
292.29
547.32
628.80
754.77
316.50
140.75