217
158
209
253
1460
2920
1240
922
518
372
243
198
170
134
191
498
696
915
1570
1030
636
349
263
228
217
219
371
592
1430
2640
2080
1480
863
706
381
253
190
160
190
346
879
1260
3410
1080
560
477
254
213
220
160
242
625
1020
2610
1820
1520
641
329
314
221
203
180
241
570
1540
2110
4110
1970
887
438
294
235
187
170
208
616
947
1180
1280
1190
903
464
345
261
271
448
294
872
1560
2020
2200
1960
868
407
267
234
183
158
215
546
1090
1930
1060
1500
1100
392
238
272
202
196
312
1140
2400
1540
1050
933
602
422
251
195
254
164
202
738
761
1060
1420
976
555
500
257
210
186
147
185
343
254
1720
1420
649
742
376
233
195
157
138
166
995
2160
1600
1480
1740
1210
696
445
349
327
210
236
572
2030
2050
2200
2300
586
320
223
190
176
141
157
504
672
1830
2200
1320
534
300
224
234
215
311
674
1180
1140
1620
1760
1440
968
684
334
247
232
185
257
250
892
1080
2260
1350
981
798
512
346
273
302
212
554
791
889
2310
1690
868
903
392
278
226
172
208
640
1740
1950
1920
1410
1120
555
339
258
231
239
333
335
843
1200
1600
2120
650
800
386
