96.6
71.4
89.9
114
882
1710
548
396
227
167
103
82.8
74.7
61.9
90.6
217
228
360
827
516
243
156
127
103
97.1
103
185
363
880
1400
1240
741
331
298
158
111
86.5
74.4
95.4
177
421
571
1630
502
222
188
107
90.6
96.2
63.3
113
345
419
1230
878
683
279
151
140
103
89.2
78.6
100
251
689
980
2030
925
438
211
149
106
84
75.3
98.7
269
443
468
600
527
372
199
152
130
134
249
176
459
867
976
960
824
362
178
127
100
73.5
62.1
110
262
568
1100
428
685
478
190
120
129
93.5
90.9
167
732
1240
642
476
369
251
202
133
98.1
135
77.6
103
456
493
660
706
453
269
253
131
114
99.7
70.3
100
166
135
766
622
298
334
192
121
102
76.6
65.8
83.7
628
1090
660
746
755
581
331
204
180
169
109
124
292
891
1040
1200
1000
272
156
111
86.6
78.3
61.7
73
248
233
796
934
601
601
144
111
118
106
192
403
692
598
792
786
634
429
392
210
145
136
95.1
147
165
495
572
1020
594
449
441
280
184
143
165
120
319
467
437
1090
808
435
460
222
147
115
83.1
99.8
258
721
703
878
561
490
273
162
137
132
141
205
178
428
587
905
1120
310
392
206