1.1812
1.1760
1.1636
1.1672
1.1554
1.1534
1.1548
1.1698
1.1689
1.1591
1.1610
1.1575
1.1577
1.1582
1.1566
1.1577
1.1481
1.1395
1.1371
1.1303
1.1328
1.1339
1.1306
1.1283
1.1296
1.1300
1.1331
1.1303
1.1282
1.1189
1.1230
1.1223
1.1075
1.1037
1.0993
1.0972
1.1068
1.0995
1.0891
1.0931
1.0888
1.0824
1.0843
1.0899
1.0873
1.0961
1.0932
1.0936
1.0930
1.0915
1.1015
1.0990
1.0923
1.0915
1.0918
1.0921
1.0871
1.0743
1.0716
1.0732
1.0808
1.0782
1.0782
1.0706
1.0838
1.0784
1.0835
1.0786
1.0842
1.0780
1.0779
1.0717
1.0688
1.0608
1.0630
1.0612
1.0598
1.0634
1.0590
1.0649
1.0616
1.0591
1.0564
1.0571
1.0593
1.0724
1.0779
1.0781
1.0787
1.0720
1.0666
1.0626
1.0650
1.0672
1.0672
1.0641
1.0630
1.0577
1.0593
1.0587
1.0471
1.0439
1.0422
1.0449
1.0357
1.0355
1.0327
1.0296
1.0438
1.0450
1.0477
1.0516
1.0416
1.0420
1.0298
1.0329
1.0368
1.0323
1.0323
1.0316
1.0372
1.0448
1.0373
1.0337
1.0310
1.0236
1.0244
1.0249
1.0224
1.0198
1.0186
1.0139
1.0176
1.0215
1.0220
1.0203
1.0203
1.0420
1.0526
1.0509
1.0497
1.0651
1.0627
1.0644
1.0719
1.0694
1.0661
1.0680
1.0766
1.0793
1.0770
1.0694
1.0752
1.0660
1.0636
1.0568
1.0557
1.0525
1.0505
1.0643
1.0654
1.0553
1.0506
1.0461
1.0441
1.0460
1.0445
1.0581
1.0582
1.0689
1.0605
1.0581
1.0590
1.0543
1.0402
1.0400
1.0408
1.0385
1.0418
1.0399
1.0408
1.0460
1.0500
1.0415
1.0466
1.0431
1.0509
1.0613
1.0643
1.0718
1.0703
1.0693
1.0704
1.0721
1.0630
1.0737
1.0758
1.0799
1.0887
1.0863
1.0833
1.0765
1.0808
1.0678
1.0666
1.0578
1.0532
1.0519
1.0518
1.0494
1.0506
1.0485
1.0440
1.0400
1.0363
1.0401
1.0436
1.0315
1.0315
1.0312
1.0403
1.0297
1.0313
1.0327
1.0261
1.0176
1.0137
