15.65
8.46
4.98
3.40
5.24
8.35
59.29
124.28
244.77
140.73
61.15
24.17
13.14
6.53
4.09
5.48
13.58
32.49
95.84
383.23
327.13
247.32
91.18
33.02
16.12
9.05
5.32
6.53
20.77
75.32
268.55
411.29
191.37
217.71
71.19
27.32
9.96
5.54
3.62
3.07
9.05
45.71
94.78
152.49
364.77
202.16
145.23
51.48
19.91
11.10
5.96
6.53
18.14
115.46
146.94
412.45
274.43
235.39
111.37
44.10
18.49
10.32
7.12
7.43
8.67
31.70
151.19
206.10
354.73
183.00
98.39
38.92
21.95
10.90
4.40
2.79
7.02
27.96
61.16
291.42
234.77
314.65
134.04
51.18
21.84
11.74
5.79
7.33
18.26
44.90
122.46
381.61
322.67
270.16
84.46
32.67
16.13
10.01
6.46
8.01
18.98
71.39
96.13
187.16
239.23
225.10
116.54
51.01
21.45
12.69
8.00
7.51
20.91
32.09
85.57
479.18
352.43
286.74
111.13
46.59
20.50
11.39
6.44
4.34
7.52
33.21
170.57
253.65
349.70
229.48
114.57
44.91
20.43
12.35
7.12
8.15
13.94
34.66
59.59
118.68
150.90
274.52
110.10
39.08
18.53
10.50
8.86
8.23
17.71
40.55
121.14
244.13
327.60
228.97
94.89
36.15
18.17
8.52
5.66
4.23
11.35
200.02
176.42
356.35
396.60
210.48
164.60
60.94
25.35
14.03
7.03
4.70
12.98
41.70
186.34
301.29
418.70
335.58
103.19
37.53
16.04
7.82
3.65
4.18
8.33
84.43
101.51
362.52
344.00
257.65
83.77
33.00
19.42
10.52
8.15
7.02
19.36
36.56
106.49
243.55
267.23
301.97
114.41
40.68