47,5
46,7
45,9
45,9
45
44,2
43,3
43,3
43,3
43,3
42,5
41,7
40,8
40,8
40,8
40,8
40
40
40
39,1
38,3
37,5
36,6
35,8
35,8
34,1
34,1
34,1
34,1
33,3
33,3
33,3
33,3
32,4
31,6
30,7
30,7
29,9
29,9
29,9
29,1
29,1
28,2
27,4
27,4
27,4
26,5
26,5
26,5
25,7
25,7
24,8
24,8
24,8
29,1
30,7
26,5
24,8
24,8
24
24
24
24
23,1
22,3
21,5
20,7
20,7
21,5
22,3
21,5
22,3
20,7
19,9
19,9
19,2
18,4
17,7
17,7
17,7
17,7
20,7
30,7
24,8
24
27,4
24
20,7
22,3
19,2
19,2
19,2
27,4
31,6
25,7
19,9
17,7
17,7
17,7
17,1
15,9
15,9
25,7
55,9
42,5
32,4
28,2
24
20,7
19,9
20,7
20,7
18,4
17,7
25,7
20,7
19,2
17,7
17,7
17,7
15,4
15,4
14,8
14,3
14,3
14,3
16,5
15,9
16,5
23,1
29,1
33,3
28,2
29,1
33,3
40
31,6
26,5
24
25,7
29,9
46,7
57,6
61
61
47,5
40,8
32,4
28,2
25,7
24
24,8
23,1
22,3
25,7
28,2
29,1
33,3
33,3
32,4
34,9
40,8
46,7
93,1
156
279
1080
932
309
215
189
256
266
342
236
203
171
170
170
148
128
121
117
126
113
105
112
116
117
104
95,7
89,7
119
129
149
139
115
117
131
147
164
198
290
259
201
181
158
157
140
129
137
143
130
126
117
109
104
101
106
114
116
129
123
119
136
163
358
542
390
485
486
439
348
292
274
286
381
415
426
474
557
579
474
401
353
451
472
399
349
327
323
307
310
276
263
251
239
269
239
248
238
234
225
212
208
206
219
208
209
239
226
208
200
188
180
219
232
194
186
214
226
209
192
170
175
171
187
226
194
178
194
226
195
199
178
186
180
169
169
164
157
151
147
142
140
137
139
151
143
146
143
135
135
172
207
772
927
496
376
317
275
246
226
214
204
213
200
190
183
176
171
166
161
157
151
147
144
141
139
131
125
123
121
117
113
111
107
106
104
102
98,4
96,6
94,9
93,1
93,1
91,4
89,7
86,2
86,2
84,5
84,5
85,4
84,5
82
81,1
85,8
83,7
81,6
80,6
79,5
77,4
75,4
73,3
72,2
71,2
71,2
69,1
69,1
67
65
63,9
62,9
61,8
61,8
60,8
58,9
60,8
62,9
58,7
56,6
54,6
54,6
54,6
54,6
52,5
51,4
50,4
48,3
48,3
48,3
47,3
46,2
46,2
46,2
44,2
44,2
43,1
43,1
42,1
42,1
41
40
40
39
37,9
37,9
36,9
35,8
35,8
34,8
34,8
34,8
34,8
33,8
33,8
32,7
32,7
31,7
29,6
29,6
31,7
33,8
31,7
29,6
27,5
27,5
26,5
25,4
25,4
26,5
37,9
55,6
42,1
36,9
35,8
34,8
33,8
33,8
33,8
33,8
31,7
29,6
29,6
29,6
28,6
27,5
29,6
29,6
29,6
31,7
40
33,8
31,7
31,7
29,6
28,6
31,7
29,6
27,5
27,5
25,4
25,4
25,4
24,4
24,4
26,5
27,5
28,6
27,5
27,5
25,4
25,4
25,4
36,9
40
40
35,8
35,8
32,7
30,6
30,6
33,8
37,9
44,2
40
37,9
33,8
27,5
25,4
25,4
30,6
46,2
45,2
47,3
46,2
42,1
42,1
35,8
50,4
94,1
79,5
66
52,5
53,5
48,3
51,4
48,3
52,5
54,6
48,3
47,3
55,6
65
61,8
50,4
50,4
52,5
65
66
52,5
50,4
52,5
94,1
73,3
57,7
48,3
42,1
65
87,8
67
52,5
44,2
39
36,9
59,8
63,9
62,9
93
66
53,5
46,2
48,3
78,5
78,5
89,9
84,7
63,9
61,8
97,2
142
114
100
96,2
80,6
76,4
84,7
111
116
125
146
125
102
108
127
114
99,3
88,9
87,8
79,5
94,1
151
164
168
132
109
95,1
85,8
79,5
83,7
76,4
82,6
82,6
79,5
81,4
103
128
149
158
188
290
291
252
204
184
225
238
202
178
160
151
158
139
129
127
142
140
132
157
236
218
228
246
231
198
180
182
285
229
233
227
217
198
184
170
189
197
198
194
180
176
197
235
280
257
229
214
213
228
232
214
242
242
222
213
204
188
178
173
172
175
165
164
162
154
150
140
132
127
123
119
116
113
109
106
102
100
102
103
104
99,3
92
87,8
85,8
84,7
82,6
81,6
80,6
78,5
76,4
73,3
71,2
71,2
70,2
69,1
65
65
63,9
65
62,9
60,8
58,7
56,6
54,6
52,5
51,4
50,4
50,4
49,4
48,3
47,3
52,5
51,4
48,3
46,2
44,2
44,2
44,2
42,1
40
40
40
39
37,9
36,9
35,8
35,8
34,8
35,8
35,8
35,8
36,6
35,8
35,8
35,8
34,3
33,5
34,3
32,7
31,3
29,9
30,6
29,9
29,9
29,2
29,2
28,6
28,6
27,9
27,3
27,3
27,3
27,3
27,3
26,6
26
24,8
24,8
24,8
24,8
24,2
24,2
24,2
23,6
23,6
23,6
23,6
23,6
22,5
22,5
22,5
22,5
22
21,4
21,4
21,4
21,4
20,4
20,4
20,4
19,9
20,9
20,4
19,9
19,4
19,4
18,8
18,3
18,3
18,3
19,4
21,4
20,9
20,9
19,9
18,3
18,3
17,8
17,8
17,3
17,3
17,3
16,9
16,4
15,5
16
15,5
15,5
17,3
20,4
18,3
16,4
15,5
15,5
15,5
15,1
15,5
16,4
17,3
17,3
18,3
17,3
16
15,5
18,3
19,9
18,8
19,4
17,3
16
15,5
15,5
16,4
16,9
21,4
23,6
21,4
22,5
27,3
24,2
30,6
35
32
25,4
24,2
26
24,8
19,4
17,3
17,3
16
16,9
15,5
16,4
17,8
17,8
18,3
17,3
16,4
22
26,6
23,6
24,8
27,9
24,2
20,9
22,5
26
26,6
26,6
28,6
59
43,4
35,8
69
57
80
49
71
52
41,7
32,7
27,9
23,6
22
22
28,6
32,7
32,7
28,6
34,3
32
31,3
32
39,1
35,8
85
117
93
99
122
118
204
163
109
108
102
147
279
455
385
213
169
140
114
105
98,5
88
76
72
66
62
89
72
62
59
58
52
59
55
60
63
54
60
66
87
92
86
121
203
198
173
149
134
128
143
168
172
168
162
162
145
133
121
110
128
160
167
230
319
310
280
315
297
386
415
450
469
370
397
380
365
301
282
321
352
377
392
364
328
285
258
246
226
220
216
219
209
199
186
181
177
197
217
234
193
190
211
219
226
231
211
207
204
226
231
199
211
229
222
207
199
259
237
234
221
193
202
209
183
183
172
159
151
148
145
150
291
1560
756
634
526
435
422
359
318
290
268
254
247
230
222
216
208
199
190
190
184
185
183
207
192
178
171
165
160
154
149
145
142
139
136
132
130
130
128
123
120
118
117
117
116
114
112
110
108
106
102
100
98
98
95
94
92
91
90
88
88
86
86
86
88
88
86
82
81
80
65,7
63,2
62,4
62,4
61,6
60
60
58,4
56,8
56,8
56,8
55,2
54,4
54,4
54,4
53,6
52
51,2
50,5
49,7
49
49
48,2
47,5
47,5
47,5
47,5
46,7
46
44,5
44,5
43,8
43,1
42,4
41,7
41
41
41
40,3
40,3
40,3
39,6
38,9
38,2
37,5
36,8
37,5
37,5
37,5
37,5
36,8
36,8
36,1
34,8
34,8
34,1
33,5
33,5
32,8
32,8
32,2
32,2
32,2
31,5
30,9
30,9
30,3
29,6
29,6
29,6
29
29
29
30,3
36,8
36,1
31,5
30,9
43,1
61,6
56
40,3
34,8
32,8
31,5
32,2
31,5
32,2
32,2
30,9
30,3
29,6
29
28,3
29,6
28,3
27,7
25,9
25,9
25,3
25,3
25,9
25,9
25,9
25,3
25,3
24,7
30,9
38,9
36,1
33,5
29,6
27,1
27,7
32,2
29
27,1
25,9
27,1
34,1
39,6
34,8
32,8
30,9
36,8
30,9
30,9
33,5
30,9
32,2
33,5
34,8
39,6
39,6
38,9
36,1
38,9
53,6
56,8
84,6
75
62,4
52
52
63,2
68,2
66,5
63,2
50,5
43,1
42,4
40,3
46
40,3
37,5
42,4
50,5
65,7
66,5
60
64,8
55,2
53,6
45,2
40,3
37,5
41,7
48,2
52
56,8
44,5
51,2
61,6
75,8
85,5
65,7
65,7
60,8
54,4
52
48,2
44,5
45,2
43,1
51,2
54,4
51,2
46
92,3
347
284
232
184
150
128
111
119
162
110
89,4
82
85,5
104
87,3
75,8
71,6
71,6
76,7
113
105
97,4
91,8
92,8
86,4
82
80,2
94,6
98,3
111
112
99,2
114
208
159
197
200
164
144
127
120
116
112
111
118
106
97,4
93,7
100
132
112
139
136
124
150
144
184
180
151
136
166
164
142
135
145
162
134
145
157
137
138
126
125
129
140
130
129
142
138
136
147
168
157
156
225
178
262
977
1060
610
602
625
560
450
360
312
318
270
248
232
239
257
270
232
211
201
206
220
214
203
194
184
180
167
157
162
151
144
138
133
128
123
120
116
112
109
106
104
101
98,3
96,4
94,6
97,4
94,6
92,8
90,9
86,4
87,8
156
137
114
140
473
357
304
214
167
148
132
148
552
319
218
569
475
278
229
195
165
195
196
184
173
159
147
140
134
131
124
118
114
110
106
103
100
98,3
95
93
89,1
87,1
85,2
83,3
79,5
77,7
76,8
75,8
74,9
74,9
74
70,5
68,8
65,4
65,4
64,6
63,7
62
62
60,4
59,6
58,8
58
57,2
57,2
55,6
55,6
54,9
54,1
52,5
52,5
51,8
51
51
49,5
49,5
48,8
48,8
48
47,3
48,8
55,6
54,1
48
46,5
45,1
45,1
43,6
43,6
43,6
42,2
42,2
40,8
40,8
39,5
38,8
38,8
38,1
37,5
36,8
36,2
35,5
35,5
34,9
34,9
36,8
36,8
35,5
34,3
33,6
35,5
34,3
33,6
33
32,4
34,3
34,3
33
38,8
40,8
37,5
34,3
33
32,4
31,8
32,4
31,8
30,7
30,7
29,5
29,5
29,5
28,9
28,9
28,9
30,7
34,3
37,5
41,5
38,1
38,1
36,8
36,8
31,8
30,1
30,1
31,8
36,8
42,9
42,2
48
40,8
36,8
44,4
39,5
31,8
33
29,5
31,8
33,6
34,3
30,7
29,5
33
44,4
60,4
57,2
51,8
41,5
34,9
35,5
39,5
42,2
48,8
51
60,4
57,2
49,5
48,8
48
52,5
48
43,6
43,6
42,9
52,5
48
40,8
36,8
38,8
36,8
35,5
42,9
44,4
38,1
37,5
39,5
36,8
39,5
39,5
42,2
49,5
48,8
39,5
34,9
37,5
38,8
48
52,5
67,9
89,1
82,4
65,4
55,6
50,3
47,6
113
237
136
98
96
105
87,1
72,2
63,7
68,8
77,7
80,5
102
165
245
197
233
177
158
149
147
157
151
130
114
99
94
89,1
86,2
81,4
90,2
122
180
273
230
197
222
212
202
178
160
148
134
122
113
107
101
93,8
90,1
86,6
82,4
117
101
96
111
97
100
111
111
101
113
114
115
136
198
165
147
149
208
206
179
159
145
143
184
187
161
187
182
162
213
331
267
226
202
182
168
240
210
236
291
251
417
335
287
269
262
229
266
243
218
194
215
200
178
193
256
261
199
190
177
158
151
143
143
148
133
123
116
114
129
182
171
178
151
132
121
114
108
103
99
102
122
102
93
93
88,1
85,2
82,4
79,5
76,8
74,9
73,1
72,2
70,5
68,8
67,1
65,4
63,7
62
62
62
62
60,4
58,8
58,8
57,2
55,6
54,1
52,5
51,8
58
73,1
68,8
63,7
63,7
75,8
76,8
63,7
57,2
55,6
54,1
51,8
49,5
48,8
48
46,5
45,1
45,1
45,1
44,4
43,6
42,2
40,8
39,5
38,8
38,1
41
41
40,4
39,8
39,8
38,6
38,6
38
38
38
37,4
36,9
36,3
35,7
35,1
35,1
34,6
34,6
34
34
33,5
33,5
32,9
32,9
32,9
32,9
32,9
32,4
31,9
31,3
30,8
29,8
29,8
29,8
28,8
28,8
28,8
28,3
28,3
28,3
27,8
27,8
27,8
27,3
26,8
26,8
26,8
26,8
28,3
28,3
27,8
27,3
26,8
25,8
25,8
24,8
24,8
24,3
24,3
24,3
23,9
23,9
24,8
24,8
24,3
23,9
23,4
22,9
22,9
22,4
22,4
21,9
21,5
21,5
21
21
21,5
21
21
21
20,5
21,5
22,9
22,9
22,9
22,9
24,3
28,3
26,3
29,8
27,3
25,8
25,8
24,8
23,9
21,9
19,6
19,1
18,7
18,7
18,2
18,2
18,2
21
23,9
24,3
21,9
20,5
19,6
19,1
18,7
18,2
17,7
17,3
16,8
16,4
16,4
16,4
16,8
16,8
16,4
17,7
16,8
15,4
14,5
14,5
14,1
13,6
13,6
15,4
34
57,3
35,1
28,8
29,8
36,3
31,9
36,9
29,8
25,8
24,3
21
20
21
29,3
27,3
32,9
38,6
39,8
42,9
46,1
44,2
34
31,9
30,3
28,3
30,8
26,3
23,9
21,9
21
20,5
19,6
19,6
21,9
26,8
29,8
26,3
23,9
23,9
27,8
38,6
52,3
36,9
37,4
37,4
33,5
34
32,6
75,6
103
113
143
86,2
68,2
61,2
54
58
83,9
86,9
75,9
97,6
71,1
61
61,7
53
45,5
54,4
60,9
61,7
48,1
50,2
48,8
46,1
40,4
41,6
42,2
40,4
39,2
42,2
57,3
69,3
55,8
44,8
46,1
39,2
41
39,8
37,4
37,4
44,8
50,2
53
60,9
54,4
50,2
46,8
58,7
53,7
50,2
51,6
51,6
49,5
54,4
53
49
53,7
125
147
149
141
147
142
127
122
106
149
140
134
141
125
116
119
110
94,4
86
87,4
247
298
191
144
131
124
130
129
138
277
240
169
142
126
118
120
166
185
150
141
150
264
312
338
274
233
219
259
215
222
184
194
184
152
142
133
124
117
111
107
113
115
166
124
116
125
115
100
96,1
91,2
101
93,6
86,6
83,6
82,9
82,1
81,4
92,8
97,7
85,1
80
77,8
74,3
73,6
72,3
70,9
69
67,7
67,1
65,2
65,2
63,4
63,4
63,4
65,2
65,8
67,1
70,9
82,9
90,5
81,4
77,1
69,6
65,8
64
61,5
60,9
59,8
62,1
59,8
59,8
60,9
59,8
57,4
56,3
56,3
59,8
79,2
88,1
76,4
72,9
69,6
68,3
77,1
78,5
73,6
39,6
65,8
71,9
69,5
66,5
65
61,9
60,4
58,9
55,9
54,5
54,5
52,3
51,6
50,2
49,4
48,7
46,6
45,9
45,2
44,5
44,5
44,5
43,1
42,4
42,4
42,4
41,7
41
40,3
39
38,3
38,3
38,3
45,9
42,4
39
37,6
36,9
36,3
35
35
33,7
33,7
33,7
33,7
33,1
32,4
33,1
35
33,7
32,4
31,8
31,2
30
30
30
29,5
28,9
28,9
28,3
27,8
27,3
26,7
26,7
26,2
25,7
25,7
25,7
25,7
25,2
28,9
32,4
31,8
27,8
27,3
26,2
25,7
27,8
32,4
32,4
30
32,4
33,7
30
28,3
26,7
25,7
24,7
24,2
23,7
23,7
25,2
29,5
36,3
39
39,6
39
32,4
30
28,3
26,7
26,2
25,7
26,7
27,8
31,8
28,9
31,8
39
36,9
41
41,7
47,3
55,2
44,5
35
27,8
25,7
24,7
23,7
22,7
26,7
37,6
48,7
43,1
40,3
40,3
43,1
47,3
41,7
36,3
42,4
48,7
43,1
49,4
58,9
56,2
98,6
126
173
145
111
88,9
86
82
82,8
77,4
68
71,1
72,6
87,2
82,2
87,2
90,6
111
108
103
95,8
94,9
85,6
83
73,4
65
66,5
75
112
102
129
134
125
154
134
126
104
106
94,9
105
101
87,2
82,2
87,2
98,3
101
98,3
88,1
88,9
97,5
98,3
104
128
117
113
145
141
146
162
156
166
153
146
131
121
122
142
156
156
149
143
134
137
139
129
147
164
158
147
135
230
309
263
234
200
182
173
157
156
144
138
131
149
156
167
206
171
153
133
130
140
172
159
164
168
148
173
162
171
184
172
151
157
175
162
189
204
244
218
231
222
238
230
218
218
286
683
651
415
333
290
268
268
257
248
240
334
278
549
756
573
424
385
376
338
310
279
268
269
262
248
227
215
205
199
198
221
196
187
377
481
418
398
742
637
563
426
402
382
374
366
358
341
332
341
314
291
272
259
254
244
245
232
221
263
276
248
291
488
346
290
285
265
246
226
217
215
208
199
190
210
233
211
199
193
197
196
185
181
174
168
162
157
152
148
143
140
140
280
424
367
304
252
217
195
179
167
158
150
144
120
116
112
107
102
99,9
97,9
94,1
90,5
88,8
86,3
84,6
83,8
82,2
80,6
79,8
79
77,4
75,9
75,1
72,8
71,3
71,3
71,3
69,8
69
68,3
66,7
66
65,2
65,2
64,5
64,5
65,2
73,6
69,8
68,3
65,2
62,2
61,4
62,2
63,7
65,2
68,3
74,3
68,3
62,9
57,6
54,6
53,8
53,1
52,3
51,5
50
50
48,5
48,5
47,7
47
46,2
46,2
45,5
43,9
43,9
43,9
43,9
42,4
41,7
40,9
40,9
40,1
39,4
46,2
51,5
45,5
42,4
42,4
43,9
40,9
40,9
41,7
43,9
43,2
43,9
37,9
36,4
35,6
34,9
34,9
34,9
36,4
34,9
34,1
34,1
33,4
33,4
32,6
33,4
37,9
37,9
42,4
62,2
71,3
71,3
67,5
51,5
43,9
40,9
38,6
40,9
45,5
43,2
42,4
37,9
37,1
39,4
53,1
65,2
59,1
58,4
48,5
43,2
40,9
47,7
47
39,4
40,9
43,2
47
48,5
46,2
56,9
65,2
65,2
59,9
56,9
59,9
69,8
69
66,7
59,9
62,9
79
76,7
75,9
72,1
80,6
76,7
72,1
73,6
69
63,7
56,9
55,3
52,3
48,5
45,5
42,4
40,1
37,9
36,4
34,9
36,4
47
43,9
41,7
48,5
59,9
48,5
43,9
51,5
51,5
68,3
60,7
51,5
88
102
88,8
83,8
74,3
71,3
67,5
57,6
59,8
75,9
68,3
62,9
54,6
72,1
83
94,1
97,9
120
132
154
344
274
187
148
124
121
113
177
151
221
238
257
225
210
252
263
234
439
578
461
365
308
261
239
222
202
182
164
155
162
168
237
178
173
162
162
206
203
245
218
202
204
186
174
235
223
191
173
157
144
135
142
138
130
138
127
162
145
130
125
115
108
122
144
204
164
231
236
503
522
534
467
353
325
290
264
266
242
234
249
250
262
264
262
220
194
182
182
201
224
202
186
188
198
171
157
154
142
138
130
125
121
117
121
117
116
115
109
126
121
230
396
202
171
146
132
122
116
110
102
98,9
95
94,1
89,7
87,1
85,5
83,8
81,4
80,6
79
77,4
75,9
74,3
72,8
72,1
78,2
72,8
71,3
68,3
67,5
66
63,7
63,7
62,2
62,2
65,2
62,2
59,1
58,4
59,1
57,6
56,1
54,6
54,6
54,6
53,8
53,1
51,5
50
50
48,5
48,5
47
46,2
45,5
44,7
44,7
43,9
42,4
41,7
52,7
51,9
51
50,2
49,3
47,7
47,7
46
46
45,1
44,3
43,5
42,7
42,7
42,7
41,8
41,8
41,8
41
39,4
39,4
39,4
37,7
37,7
37,7
37,7
36,9
36,9
36,9
36,9
36,9
36,1
36,1
35,3
34,5
34,5
33,6
32,8
32,8
32
32
31,2
31,2
31,2
30,4
30,4
29,6
29,6
32,8
32,8
32,8
34,5
35,3
32,8
34,5
29,6
28,8
28,8
28,8
28
26,4
26,4
26,4
25,6
25,6
24,8
24,8
24
24
23,2
23,2
23,2
25,6
25,6
24,8
24,8
23,2
22,4
22,4
21,6
21,6
20,8
20,8
20
20
20
20
20
19,2
19,2
18,4
18,4
18,4
17,6
17,6
17,6
17,6
16,8
16
16
15,3
15,3
15,3
15,3
23,2
25,6
20,8
21,6
24,8
26,4
32
25,6
21,6
28,8
32
32,8
29,6
26,4
28
36,9
49,3
46,8
36,1
36,9
34,5
28
23,2
21,6
20
19,2
18,4
18,4
17,6
17,6
20,8
40,2
63,6
78,2
67,9
53,5
62,8
60,3
59,4
56,1
51,9
60,3
53,5
41
34,5
31,2
30,4
28
26,4
24
23,2
21,6
21,6
36,9
31,2
22,4
21,6
28,8
34,5
35,3
34,5
32,8
41,8
33,6
26,4
23,2
21,6
21,6
29,6
64,5
70,5
42,7
37,7
33,6
38,6
45,1
38,6
46
44,3
49,3
54,4
73
75,6
62,8
56,9
52,7
43,5
36,1
39,4
46
60,3
69,6
66,2
54,4
60,3
62,8
63,6
60,3
53,5
45,1
42,7
36,1
32
39,4
78,2
70,5
51
43,5
42,7
66,2
81,6
71,3
63,6
57,7
54,4
58,6
51
43,5
46
41,8
41,8
46
61,1
49,3
62,8
67,9
67,9
103
171
146
112
99
106
81,6
81,6
86,8
79,9
73
87,7
81,6
73,9
64,5
59,4
58,6
69,6
67,9
62,8
79,9
63,6
56,1
57,7
62,8
83,4
76,5
85,9
94,7
112
143
116
106
100
87,7
93
113
89,4
105
92,1
112
170
199
176
164
167
145
197
283
204
161
182
212
210
200
185
167
148
142
140
142
138
163
512
321
249
200
184
173
155
145
133
125
116
112
106
101
99,1
106
105
101
93,8
97,4
88,6
83,4
112
708
628
326
244
204
227
1590
1070
586
473
440
375
406
369
336
332
312
286
268
254
245
239
238
244
224
214
218
663
548
453
558
443
365
316
290
268
250
236
224
212
204
198
190
184
178
176
172
167
160
158
161
154
148
144
141
139
134
132
150
332
201
178
169
157
149
144
138
134
129
127
125
121
118
115
113
111
109
106
103
100
99
97
96
95
93
91
89
89
88
87
85
83
82
81
80
79
78
77
76
75
74,1
73,1
72,1
71,1
70,1
69,2
67,2
66,2
66,2
69,2
67,2
65,3
63,4
63,4
63,4
67,2
69,2
71,1
77
70,1
67,2
63,4
59,5
57,6
59,5
65,3
71,1
77
76
69,2
61,4
59,5
65,3
69,2
66,2
61,4
58,6
57,6
55,8
57,6
53,9
53
61,4
66,2
57,6
53,9
52,1
51,2
53,9
56,7
65,3
79
80
77
69,2
65,3
61,4
63,4
58,6
66,2
72,1
76
89
88
87
116
202
155
126
126
172
172
135
135
130
140
128
113
118
199
149
125
129
115
111
104
150
236
167
169
168
178
185
188
213
181
190
246
226
232
197
209
264
378
416
461
333
290
274
312
284
250
243
237
226
215
210
192
214
191
172
161
155
150
154
186
180
175
162
209
169
160
155
140
132
130
148
148
136
120
115
119
125
129
126
115
114
112
105
102
103
141
127
292
427
299
266
535
548
407
385
336
342
526
559
430
390
372
350
320
300
275
252
236
226
215
220
232
220
233
219
203
239
203
230
216
208
194
210
226
254
246
250
278
242
226
224
198
191
184
184
208
198
187
188
175
173
164
152
150
155
154
146
157
151
192
223
184
204
194
175
172
190
176
181
161
194
174
218
200
209
205
176
164
186
203
196
176
190
315
232
205
196
220
478
318
265
260
230
214
214
205
186
186
197
180
314
533
304
266
260
230
205
190
178
174
164
158
167
158
154
143
136
245
209
172
157
146
140
133
131
136
135
245
451
283
256
226
225
211
185
170
169
246
201
222
205
186
175
174
160
143
135
128
122
117
113
106
103
102
99
99
93
93,5
92,5
88,9
88
90,7
87,1
83,6
81,8
81,8
80
79,2
78,3
77,4
75,7
71,4
71,4
69,7
68,9
68,1
66,6
66,6
66,6
65,8
66,6
69,7
69,7
67,3
70,6
69,7
65,8
63,5
63,5
62
60,6
59,2
59,2
58,5
57,8
56,5
55,2
53,9
53,9
52,6
52,6
51,9
51,9
50,7
50,1
49,6
55,8
55,2
56,5
64,3
57,8
52,6
50,1
49
48,4
47,9
48,4
47,9
48,4
47,9
47,9
46,8
45,7
44,7
44,2
44,2
43,2
42,7
47,3
57,8
53,9
50,1
45,7
44,2
44,2
42,7
41,8
41,4
40,9
40,4
40,4
40
39,6
39,6
39,6
39,6
39,6
39,2
41,8
45,2
43,7
42,7
42,7
40,9
39,2
39,2
39,2
40,9
40,9
41,4
47,9
44,7
42,7
65,8
80
77,4
60,6
54,5
51,3
50,1
51,3
57,8
55,2
51,9
49
51,9
50,1
47,9
49,6
47,9
45,7
45,7
51,3
51,9
54,5
54,5
53,2
50,7
60,6
86,2
74
56,5
51,9
47,9
45,7
48,4
53,2
57,8
53,9
57,8
52,6
49,6
53,9
74
60,6
51,3
53,9
64,3
60,6
99,1
98,1
81,8
80
81,8
86,2
85,3
93,5
112
93,5
73,1
65
68,1
68,1
90,7
132
132
117
103
94,4
81,8
83,6
80
87,1
87,1
86,2
97,2
83,6
77,4
74,8
98,1
102
139
148
179
185
147
153
154
128
120
153
210
187
217
209
207
204
182
163
152
144
141
138
138
169
139
145
123
110
101
108
115
101
102
92,5
88
112
111
104
101
92,5
83,6
79,2
86,2
85,3
85,3
96,7
195
156
168
145
189
255
256
235
211
199
190
222
325
442
496
463
407
392
328
326
306
294
272
298
261
243
253
266
282
285
375
300
298
323
305
260
240
245
236
282
306
303
301
282
251
233
239
212
217
197
318
869
696
3010
2480
1480
1070
1120
1100
897
897
798
692
623
583
560
654
548
498
461
436
413
392
376
362
353
342
322
311
301
292
284
277
270
265
263
270
275
266
250
262
590
414
345
297
277
266
258
341
436
328
286
259
255
242
234
224
218
215
210
210
315
503
376
288
257
240
240
232
215
210
205
201
198
194
191
190
186
181
179
176
176
175
174
173
172
150
148
146
145
144
142
141
139
137
134
133
132
132
132
133
131
128
129
129
132
132
128
126
125
124
123
125
123
122
121
119
118
118
117
116
115
115
114
114
114
113
112
112
112
112
112
111
109
109
108
108
107
107
107
107
106
105
104
104
103
102
102
102
102
102
102
102
102
105
105
104
104
108
109
105
102
102
107
123
116
110
108
107
117
119
114
109
105
107
106
110
118
119
115
111
108
106
107
114
105
100
99,4
98,8
98,2
97,7
96
95
95
96,6
102
100
98,8
99,9
98,2
96,6
95,5
94,5
94
94,5
94,5
97,2
96,6
98,8
98,8
96,6
97,7
99,9
100
97,2
96
95
96,6
95,5
109
122
140
129
108
101
98,2
97,7
96,6
94,5
93,5
93,5
91,6
95
100
106
112
100
96
97,7
99,4
104
107
105
102
104
107
101
96,6
95,5
94,5
96
94,5
95,5
94,5
95
94,5
98,5
190
215
222
220
182
160
143
136
132
138
154
154
186
190
175
185
174
183
170
161
155
147
144
131
125
121
116
114
114
122
138
136
126
128
125
123
121
115
113
160
128
116
116
126
134
150
189
164
147
137
177
199
183
165
172
198
274
326
483
630
924
683
513
557
428
400
579
620
506
452
433
386
339
304
282
281
253
244
225
218
218
208
199
198
187
187
180
206
224
197
184
185
176
172
172
180
214
199
189
226
215
199
185
205
198
200
186
188
185
183
189
175
173
184
179
169
161
157
158
158
157
150
158
265
207
182
173
162
152
152
148
141
140
139
141
137
142
134
130
128
128
126
123
124
367
396
205
176
162
154
147
142
137
135
132
131
129
126
123
122
121
120
118
118
116
114
114
112
111
109
108
107
109
109
107
108
114
107
138
152
128
118
112
109
106
104
102
101
99,9
98,8
98,2
97,7
97,2
96,6
84,4
84
82,6
81,4
81
80
79,2
77,6
77,1
76,6
75,8
74,6
75
74,6
74,2
74,6
73,8
71,3
77,5
77,5
81,8
84,8
87,6
70,6
49,1
44,7
40,1
39,2
38,2
37,5
36,8
36,8
36,8
37,5
45,8
47,7
47,7
40,1
40,1
39,5
38,8
38,2
37,8
37,5
37,2
36,8
36,5
36,8
36,8
35,2
34,9
34,9
34,9
34,9
34
33,1
32,4
31,8
31,2
31,5
30,6
30,3
30
29,8
29,5
29,2
28,6
28,3
42,3
42
40,9
40,2
40,2
39,5
27,6
31,3
31,3
28,5
25,9
25,9
25,9
26,7
29,4
29,4
29,4
35,2
39,1
41,2
43,2
33,2
29,4
26,7
25
24,1
27,6
29,4
25,9
29,4
48,4
46,3
36,1
31,3
27,6
26,7
25
27,6
35,2
29,4
25,9
20,8
20
21,6
23,3
25,9
26,7
27,6
24,1
20,8
19,3
17,8
16,4
17,1
17,8
16,4
15,8
15,8
17,1
20,8
20
21,6
20,8
26,7
24,1
24,1
27,6
30,4
37,1
31,3
22,5
20
18,6
18,6
18,6
17,8
20,8
31,3
33,2
37,1
34,2
27,6
22,5
18,6
17,1
16,4
19,3
21,6
28,5
27,6
21,6
20,8
32,3
40,1
37,1
39,1
39,1
39,1
43,2
54,6
61,8
106
98,6
158
276
399
258
145
163
115
98,2
85,8
72,3
66,4
75,4
84,4
50,5
55,7
69,8
88,8
113
110
108
119
100
86,6
75,4
72
78,8
70,9
64,2
63,1
50,5
44,2
41,2
37,1
37,1
42,2
46,3
42,2
51,5
55,7
45,3
40,1
35,2
34,2
41,2
55,7
43,4
65,3
68,7
68,7
85,5
75,4
64,1
70,9
306
599
712
961
704
1130
993
621
474
376
362
349
290
256
239
341
220
204
208
200
189
184
197
269
258
295
427
331
308
313
286
226
202
186
173
171
186
203
207
238
275
314
269
248
215
202
226
210
193
176
164
155
162
159
216
248
212
169
154
146
138
132
130
126
174
195
184
183
188
164
141
133
126
122
126
120
114
118
115
110
103
107
104
211
175
135
220
254
210
206
167
154
140
127
122
114
108
104
101
100
100
98,4
102
99,9
92,2
88,8
84,4
84,4
84,4
88,8
96,7
88,8
82,1
78,8
84,4
88,8
86,8
77,6
73,2
69,8
72
68,7
66,4
69,8
68,7
66,4
67,6
66,4
63,1
59,9
59,9
59,9
57,8
55,7
54,6
53,6
54,6
55,7
51,5
49,4
47,4
63,7
62,8
61,9
61,9
61
60,1
59,3
59,3
58,4
56,7
56,7
55
55,9
55
55
54,2
53,4
52,6
52,6
52,6
51,8
51
51
50,2
49,4
48,6
48,6
48,6
47,1
47,1
46,4
46,4
45,6
45,6
44,2
42,7
42,7
42
42
42
42
42
41,3
39,8
39,1
38,4
38,4
38,4
37,7
37
36,3
35,6
35,6
35,6
34,2
34,2
32,8
32,8
32,1
32,1
31,4
31,4
30,7
31,4
34,2
41,3
42
34,2
32,8
32,1
31,4
30,1
29,4
28,8
28,1
27,5
28,1
27,5
26,8
26,2
25,5
25,5
25,5
26,2
26,2
26,8
26,2
24,9
24,9
23,7
24,3
31,4
37,7
37,7
35,6
32,1
31,4
30,1
28,8
26,2
23,7
24,3
26,2
25,5
27,5
26,2
22,4
20,1
20,1
20,1
19,5
19,5
18,9
17,8
17,3
20,1
23
24,3
21,2
18,9
16,8
18,9
39,8
62,8
67,5
43,4
33,5
43,4
46,4
32,8
27,5
26,2
30,7
28,8
35,6
44,2
60,1
54,2
85,4
71,7
63,7
60,1
55
53,4
45,6
78,9
110
121
84,8
81,3
84,8
84,1
127
162
137
118
122
91
70,5
59,2
53,1
49,4
47,1
44,2
41,3
41,3
45,6
46,4
44,2
41,3
46,4
47,1
44,2
44,9
51,8
60,1
58,4
50,2
44,2
44,2
47,1
60,1
71,7
78,4
73,9
92,6
65,6
55
53,4
54,2
49,4
51
60,1
80,7
72,8
78,4
71,7
73,9
65,6
57,1
55,8
66,1
83,9
104
158
178
156
116
130
130
129
108
97,1
172
326
281
198
172
173
151
134
119
109
102
97,4
87,8
97,4
105
109
119
114
130
127
108
126
135
119
107
96,2
86,6
108
102
89
81,8
81,8
87,8
91,4
80,7
77,2
91,8
139
279
217
174
174
205
213
186
154
148
146
174
167
171
159
164
153
160
188
276
394
384
370
298
246
222
197
212
200
204
199
166
163
171
173
159
141
136
148
148
156
185
267
211
177
170
155
140
130
121
117
114
109
105
102
97,4
93,8
92,6
89
86,6
84,2
81,8
79,5
77,2
73,9
76,1
294
449
194
146
126
116
107
99,8
95
87,8
85,4
83
83
78,4
75
73,9
70,7
69,6
67,5
65,6
64,7
63,7
62,8
61,9
60,1
59,3
58,4
63,7
80,7
67,5
65,6
62,8
60,1
58,4
56,7
55,9
55,9
55,9
55,9
55
53,4
51,8
51,8
51
51
50,2
49,4
48,6
47,9
54,9
54,1
53,3
52,5
51,7
51
50,2
49,4
48,6
48,6
48,6
48,6
47,1
46,3
45,5
44,8
44,8
44
43,3
42,5
41,8
41,1
41,1
39,8
39,8
39,8
39,1
39,1
39,1
38,4
38,4
37
37
36,4
35,7
35,7
35
34,3
34,3
33,7
32,4
32,4
31,7
30,5
30,5
30
29,4
29,4
29,4
28,8
28,8
28,2
27,6
27,1
26,5
25,9
26,5
25,4
24,8
24,8
24,8
24,8
24,8
24,8
24,8
24,8
23,7
23,2
22,7
23,2
23,2
22,7
22,1
22,1
21
20,5
20
19,6
19,6
19,6
19,6
19,6
19,6
19,1
20
23,7
23,7
25,4
25,4
24,3
23,7
24,3
27,1
27,1
22,1
20,5
21
26,5
29,4
36,4
33,7
32,4
32,4
33,7
27,1
25,4
27,1
33
30,5
28,2
41,8
41,1
27,6
22,1
20,5
20,5
20
19,6
19,1
18,3
19,6
22,7
24,8
27,6
24,8
22,1
20,5
21,6
22,1
24,8
24,3
27,6
37
61,5
51,7
48,6
41,1
35
30
28,8
31,1
30,5
24,3
27,6
31,1
35
35,7
30,5
28,2
39,1
35
27,6
25,9
28,2
37
33,9
30,8
33,5
41,3
79,4
81,4
72,8
79,8
73,9
114
124
81,4
64,8
55
44,8
41,9
49
58
68,1
60,4
190
76,3
54,9
50,8
52,9
51
45,9
44,6
47,3
50,8
48,1
39,6
35,4
35,5
45,9
60
54
66,1
57,9
59,9
89,5
84,2
88
65,7
71,8
78,7
61,4
74,5
73,8
67,2
58,9
54,4
59,5
99,8
94,3
77
76,9
64,2
62,6
76,5
85,7
93,5
107
134
136
122
125
138
172
184
304
388
279
213
193
277
226
241
199
164
145
131
120
114
111
105
98,8
96,5
93,5
87,9
85,7
82,1
79,5
79,3
88,5
97,4
98,9
84,1
79,1
76,7
160
121
95,1
85,7
83,6
91
142
132
126
142
127
107
97,8
88,6
87,8
84,8
81,4
84,3
89,5
84,3
130
102
94,8
84,3
86,6
77,9
70,5
66,6
63,9
66,4
63,7
60,3
57,4
55,5
53,7
52,1
51,4
49,8
48,2
46,7
45
43,5
43,3
42,5
41,1
40,1
38,9
38,4
37,7
37,7
37,7
37,7
36,4
35
34,3
33
33
33
32,4
35
37,7
32,4
30,5
30
29,4
28,8
27,6
27,1
27,1
27,1
25,9
25,4
25,9
28,8
62,4
55,8
43,3
38,4
39,1
35,7
33
31,7
31,7
41,8
35,7
31,7
29,4
27,6
25,9
25,4
24,8
23,7
22,7
22,1
21,6
21
21
20,5
20
20
19,6
19,6
19,1
18,7
18,3
17,8
17,4
16,9
16,9
16,5
16,5
21,3
21,1
21,1
20,8
20,4
20,3
19,8
19,8
19,8
19,8
19,7
19,3
19,1
19,1
19
18,8
18,8
18,5
18,5
18,5
18,1
17,8
17,8
17,8
17,5
17,2
16,9
16,6
16,6
16,6
16,6
16,5
16,4
16,4
16,4
16,1
16,1
16,1
16
15,8
15,5
15,5
15,5
15,2
15,2
15,1
15,8
16,9
17,8
16,9
16,1
15,8
15,5
15,2
14,9
14,9
14,6
14,6
14,6
15,7
16
15,5
14,8
14,6
14,5
14,3
14,1
14,1
14,1
13,8
13,8
13,5
14
13,8
13,8
13,5
13,2
13,2
12,9
13,1
13,7
13,5
13,7
13,8
13,8
13,7
13,1
12,8
12,7
12,4
13,1
13,8
13,1
13,1
12,7
12,7
12,7
16,7
19,1
17,6
17,4
16,8
16,3
15,7
14,5
13,8
13,4
12,9
12,7
12,4
12
11,5
11,1
10,8
10,5
12
13,7
15,8
19,1
22,2
20,9
17,7
17,1
16,8
16
14,5
16,1
16,5
17,1
16
15,4
14,8
15,2
17,3
15,1
15,9
16,5
18,5
18,4
30
34,2
25
25,6
25,6
36,2
28,4
33,2
25
23,1
23,9
22
19,4
17,8
16,5
15,7
28,1
42,7
35,7
27,4
21,6
30,5
34,2
26,8
22,5
19,7
18,5
18,9
18,7
20,8
21
19,1
17,9
20,4
20,9
43,7
35
27,8
29,7
47,8
50
41,2
31,7
30,7
34,8
33
62,8
47,7
36,9
46,1
46,7
38,3
31
30,2
39,2
35,9
37
31,6
28,3
29,2
26,9
25,7
22,8
23,2
29,9
40,4
59,4
59,5
92,9
135
99,7
101
140
121
92,1
88,3
90
123
147
121
118
140
148
162
180
131
111
95,9
96,5
92,6
83,6
71,4
70,8
79,8
63,6
64,9
96,4
72,4
70
76,7
68,5
79,1
74,4
62
55,7
55,7
67,4
73,6
66
56,8
86,5
90,6
207
165
182
278
613
759
351
365
393
303
310
231
258
247
273
229
233
216
207
168
145
133
127
120
112
114
108
104
96,3
91,8
112
107
110
113
132
167
124
105
95,6
87,8
84,1
84,4
138
160
311
190
175
134
128
116
106
98
93,7
87,5
83,4
78,1
80,7
81,8
78,1
84,4
75,9
83
72,9
68
64,6
62,6
60,2
58,4
58,4
57,7
62,8
61
63
60,6
57
55,5
54,3
53,9
70
89,4
116
84,4
85,8
134
137
117
98,9
88,1
135
111
101
107
93,9
87,2
121
297
374
751
680
339
225
165
143
175
192
149
124
109
96,8
88,4
80,5
75,5
71,3
67,8
76,3
73,9
71,8
70,8
70,5
68,2
65,6
64,3
63,1
61,6
61
59,9
58,5
57,7
56,6
56,1
55,1
54,3
54,1
54,3
50,9
50,2
51,1
49,8
49,4
48,8
47,8
48,6
49,2
48,6
47,9
47,6
47
46,4
45,5
45,1
45,1
45
44,4
43,6
43,9
47,2
47,2
44,8
43,8
43,2
43
42,9
42,5
41,7
41,5
40,8
40,5
40,2
39,6
39,4
39,3
39
38,6
38,4
38,4
38,1
38,5
38,1
37,8
37,5
37,2
36,8
36,6
36,4
36
35,8
35,7
36,5
36
37,2
39
37,5
36,8
36
35,4
35,2
36
38,8
38,3
37,1
37,7
36,7
35,4
35
35,4
36,7
40,8
41,9
39,9
37,1
35,7
35,6
36,8
37,1
39,8
43,4
45,5
42
40
39,3
38,5
36,2
35,6
34,9
34,5
34,1
33,7
33,9
34,7
34,4
35,8
39,1
46,2
41,5
41,5
41,2
41
47,8
44
44,5
44
45,7
49
45,2
41,1
39,6
36,9
36,1
35,1
34,4
35,1
34,3
34
39,7
37,8
35,8
37,2
40,1
40,8
42,9
44,8
47,5
51,3
46,8
67,6
81,1
67,7
48,9
46,4
46,5
47,7
48,9
45,9
42,8
39,5
36,9
37,1
37,7
37,4
37,9
37,8
36,2
45,4
46,2
44,5
48,2
48,7
46,8
45,3
46,4
67,4
76,3
76,9
66,4
73,3
87
150
448
388
184
144
120
107
104
87,4
75,2
69,8
69,1
68,1
69,3
69,1
65,9
63
60,5
60,6
62,1
86,6
87,7
91
112
121
112
102
93,6
103
97,7
108
120
117
112
116
106
109
107
128
151
146
313
347
470
846
546
383
276
217
185
178
157
160
151
142
143
134
130
149
153
140
147
150
142
146
134
135
140
134
126
143
160
150
150
158
141
133
134
141
175
309
252
253
263
207
196
171
145
147
203
293
289
500
580
421
351
384
379
403
363
363
300
274
282
235
202
186
180
171
158
151
143
137
132
128
121
117
114
113
111
106
101
97,9
94,7
92,4
89,7
86,3
84,2
81,9
81,3
83,4
80,9
80,7
74,6
72,6
71,8
70,5
71,1
70,8
69,1
67,8
69,1
69,6
69,4
67,5
65,9
63,4
60,9
60,7
59,9
58,8
57,7
56,5
55,7
55,3
55,1
58,7
96,1
80,9
65,5
60,5
58,2
57,4
56,9
54,6
53,3
52,6
51,6
50,7
49,8
49,2
48,6
48,4
48,1
47,7
47,4
46,8
46,1
45,9
45,7
45
44,8
44,6
49,3
49,3
49,3
49
47,6
47,3
59,1
72,3
61
55,9
53,6
50,5
49,6
48,5
46,7
46,2
45,3
45,3
45,3
44,7
43,9
42,6
41,5
40,2
39,4
38,7
38,7
37,4
36,7
36,2
35,7
35,4
35,4
35,2
34,9
34,9
34,9
34,4
33,5
33,3
32,4
31,9
31,4
31
31
30,5
29,9
29,9
29,9
29,9
29,9
29,9
32,1
33,1
30,3
29,2
28,6
28,1
27,5
27,3
27,1
26,9
26,5
26,1
26,1
26,5
25,9
25,7
26,3
25,9
25,9
24,9
23,9
23,9
23,7
23,9
27,6
32,1
34,7
30,3
28,4
27,9
30,6
30,8
34,6
33,3
36,9
33,6
29,3
26,1
24,7
28,4
28,9
28,4
26,5
24,1
23,3
23,2
23
23
23,3
23,2
24,3
23,5
23
25,6
28,2
27,5
27,3
27,1
27,1
27,9
28,6
32,5
30,2
29,1
26,8
24,2
27
34,8
36
35,1
31,6
32,6
42,9
44,3
38,5
48,6
46,6
65,5
92
91,7
93
97,4
89,8
87
63,8
44,2
42,2
48
45,6
40,3
44,6
41,6
36,2
32,8
32,9
37,2
44,3
51,3
60,3
56,4
56,8
62,2
61,2
63,9
57,4
63,6
63,2
58,6
57,5
58,1
63,4
61,3
65,2
71,1
80,3
95,3
101
91,7
82,8
73
74,1
65,2
59,8
56,9
62,9
66,6
68,1
94,6
91,5
98,4
127
130
124
130
118
106
132
124
107
109
162
185
158
146
134
132
121
109
99,8
94,7
94,3
90,1
82,5
81,4
84,2
80,1
85,9
102
102
126
142
165
496
1090
1290
1100
788
647
515
459
419
362
320
301
271
258
277
299
293
266
241
224
234
217
222
226
212
215
217
204
207
321
302
276
239
214
193
188
182
183
177
170
172
180
178
198
208
210
203
199
247
504
628
453
391
378
313
300
423
472
506
525
463
390
371
344
318
345
325
291
270
279
307
292
275
299
275
256
258
242
225
209
200
199
241
239
446
375
301
256
227
212
200
190
197
282
253
223
204
191
180
184
267
228
200
188
179
180
166
157
159
208
186
167
178
284
287
228
193
182
167
157
147
138
133
127
122
119
116
114
111
108
105
103
100
99,2
97,4
94,8
93
92,6
91,3
89,6
87,5
86,3
85,9
85,1
83,8
81,8
79,5
78,3
78,3
78,3
77,1
78,8
77,3
76,9
75,5
74
73,9
72,9
72,1
71,4
70,3
69,3
68,9
67,8
66,4
65
65,7
71,4
78,5
79,6
76,9
72,5
69,6
67,8
66
66
76,4
72,9
68,9
65,3
63,6
61,9
60,9
59,9
59,2
58,2
57,2
56,9
55,6
55
54,3
53
52,7
51,8
51,1
50,8
50,5
49,6
49
48,4
47,8
47,5
46,6
46,3
47,5
50,6
54
62,8
59,2
51,1
50,2
47,5
45,7
44,5
43,6
43,6
43,6
43,6
44,8
49,5
47,8
44,8
42,8
41,6
41,3
42,2
41,1
39,4
38,3
37,5
37,2
38,3
40,2
40,5
39,4
39,1
38,8
38,5
37,8
39,7
41,1
41,4
43,6
41,7
39,7
37,5
36,1
35,8
36,1
37,5
36,7
38,3
43,1
40,8
38,6
36,4
34,1
33
32,2
32,2
37,4
43,6
43,4
41,1
35,6
32,5
31
31,2
34,3
35,1
37,2
39,4
36,1
38,2
41,5
41,8
46
50,4
53,7
52,3
42,8
45,6
51,6
48,4
75,8
125
105
73,1
65,8
62,8
67,8
60,1
54,8
49,3
45
43,3
46,6
52,6
59
46
41,6
40,3
46,9
51,6
57,1
69,7
57,3
55,5
63,3
57,2
69,8
60,2
64,6
60,6
54,3
49,8
46,2
44,8
43,6
43,5
44,8
47,4
90,2
80
53,6
48
49,6
46
44,2
40,2
37,7
35,7
37,5
50,8
64,4
66,8
53,2
83,4
111
111
93,3
84,6
67,2
59,2
53,4
49,2
46,3
44,8
47,4
46,3
41,8
40,2
42,9
52,5
53
60,6
71,7
87,7
73,8
71,9
70,8
74,7
68,2
81,4
72,6
93,6
133
137
132
128
137
144
139
127
114
118
120
105
112
114
131
124
130
118
99,3
90,6
85,1
81,1
103
91
90,8
106
96,4
86,2
83,4
86,1
83,1
82
102
85,6
94,5
92,4
89,8
110
174
159
129
113
136
146
129
120
111
105
103
104
97,8
105
116
113
114
127
199
275
226
180
171
169
166
170
167
170
156
147
139
128
125
121
129
137
156
143
133
128
119
112
104
104
97,6
96,3
99,5
97,3
93,6
103
123
112
118
124
109
102
102
98,7
94,1
91,4
88,4
85,4
81,3
78,4
76,6
75,8
113
122
102
328
224
164
171
166
159
160
212
343
254
212
184
158
141
126
114
105
97,8
95,5
101
94,7
89,4
84
81,7
78,8
76,6
74,7
71,8
70
67,4
65,7
64,3
63,6
62,3
60,9
59,6
58,2
57,6
59,5
73,7
93,9
90,6
88,4
116
120
127
113
100
87,4
78,5
72,7
68
63,7
60,7
57,4
56,1
54,5
52
50,4
49,8
48,6
47,5
46
45,2
44,3
43,8
43,2
42,6
42,1
41,3
40,8
39,7
38,9
37,9
36,9
36,4
35,7
35,4
34,9
34,4
33,9
33,4
32
31,8
31,6
31,6
31,6
35,2
37,4
36,7
44,4
41,9
34,2
32,3
31,8
30,7
29,8
29,1
28,2
27,8
27,2
26,7
26,7
26,7
27
26,3
27,6
29,1
34,3
32,5
32,1
31,8
30
27
25,1
24,5
23,7
23,3
22,9
22,9
23,7
25,6
28
26,3
25,3
31,6
35,2
34,2
31,7
28,3
26,4
26,8
25,9
24,7
23,1
23,3
30,6
42,7
43,4
47,7
43,3
40,1
44,4
43,2
39,5
33,7
47,5
56,1
50,3
43,7
54,1
45,8
44,2
51,8
52,3
43,7
37,8
35,2
34,2
38,7
73,8
70
66,4
69,6
81,7
77
59,4
50,9
43,8
39,3
38,3
39,4
89,8
81,2
92,4
81,9
62,3
64,9
59,5
57,5
53,6
50,5
60,6
53,4
71,2
92,8
100
108
92,9
99,1
108
99,8
80,8
70,9
71,6
71,5
101
104
116
108
97,9
81,9
74
67,4
62
61,7
62
72,6
61
54
53,4
61,9
59
56,5
60,8
65,7
54,5
51,8
49,4
48,6
54
53,4
50,3
45,3
46,5
58,2
64,4
66,3
64
55,6
48,8
78,1
94,2
61,3
52,4
38,3
3,14
1,89
2,63
2,55
2,55
3,45
2,42
1,95
1,74
2,15
2,32
1,93
1,66
1,63
1,69
1,63
1,6
1,53
1,52
1,53
1,55
1,66
1,6
27,3
70,1
104
138
148
146
147
161
163
154
145
136
131
128
113
129
145
142
137
144
143
70
4,78
45,6
148
142
278
216
185
163
155
171
178
204
332
519
577
588
521
502
388
337
286
331
273
251
232
211
202
194
189
190
187
184
247
316
326
360
380
353
370
358
326
335
376
372
377
346
320
292
264
185
235
222
221
217
224
203
190
178
182
191
168
188
172
153
140
138
132
125
112
109
175
211
182
176
160
162
153
139
119
85,3
42,8
78,4
79,4
62,5
68,9
81,6
83,4
83,4
83,2
82,4
83,2
9,54
7,88
1,94
12,9
4,81
1,97
33,4
55,1
46,2
51,3
73,6
73,5
73,7
69,9
74,1
11,1
1,41
1,21
1,15
1,34
1,58
14
40,3
7,58
8,28
2,59
1,37
26,5
7,39
9,01
50,7
5,47
0,984
0,913
7,22
35,2
21,4
24,4
22,9
11,5
42,1
28,9
35,7
18,8
15,9
25,7
23,5
38,3
30,8
25,6
31,8
33,9
30,8
20,6
17,6
17,3
35,4
34,6
37,7
13,5
14,5
23,5
14,4
12,1
7,08
15,9
38,5
17,2
32,1
36,7
19,6
35,7
38
35,2
37,1
32,7
35,5
32
39,2
18,8
22,1
9,99
6,03
20,7
36,3
33,2
36,7
29,4
22
26,9
43,3
30
12,7
29,2
27,4
21,6
73
91,1
89,9
78,6
29,3
11,4
2,73
48,5
53
52,3
81,9
87,1
53,8
14,5
64,2
98,5
58,8
94,3
107
112
23,4
88,1
80,2
50,1
37
18,4
43,9
25,6
102
118
66,6
95,2
103
55,3
13,7
66,7
83,3
98,3
97,7
40,3
30,1
23,3
42,5
15,5
43,1
36,7
33,7
7,77
2,69
37,9
38,6
30,2
40
27,5
28,8
36,8
34,3
36,8
34,4
36
6,43
25,9
36
17,9
43,8
30,8
47,2
46,3
57,6
2,76
82,1
114
155
146
40,6
30,7
26,8
33,1
29,5
31,8
22,7
25
12,3
8,74
17,9
28,5
22,6
18,9
30,9
30
4,51
21,7
24
25
23,8
32,1
29,5
32,2
35,7
35,9
47,9
58,2
46,9
6,95
3,43
37,3
42,6
33,5
70,5
45,1
45,7
34,6
33,4
33,9
37,1
37,9
29,3
5,67
2,97
30,1
35,4
36,5
30,1
39,6
6,68
5,98
66,5
72,7
101
96,3
90,9
74,6
28,6
24,2
53,8
40,5
29
35,9
29,8
4,13
29,5
67,1
44,5
30,4
27,6
35,3
24,5
70,5
39,5
76,6
78,3
83,9
97,1
50,7
80
73,3
94
98
47,8
32,1
21,4
75,4
35,4
32,9
31,8
43,5
31,2
19
59
67
92,8
93
90,5
66,2
14,8
76,7
64,7
20,1
10,7
21,6
10,2
6,19
37,8
82,2
94,4
42,2
79,7
55,1
69,5
99,6
78
67,9
88,5
91,9
108
112
94,5
62,4
88,5
102
89,9
92,3
94,3
114
109
108
103
101
61,4
81,5
95,8
47
26,2
32,3
122
99,3
19,1
85,4
39,1
11
2,9
2,74
2,54
2,65
4,39
2,8
2,32
5,72
2,7
2,3
2,17
4
10,3
4,45
3,42
3,43
4,05
6
6,12
11
3,11
32
36,7
47,2
2,87
16,8
16,6
8,49
2,24
2,02
1,93
1,88
14,5
18,9
15,7
20,1
4,21
34,2
93
114
80,9
83,6
74,3
129
132
134
111
109
120
77
59,6
41,1
72,7
99,7
89,1
133
84,9
49,3
84
94,5
202
137
134
87,6
60,8
63,2
18,4
89,4
70,7
74,7
44,8
32,9
29,2
7,42
36,8
43,2
52,8
49,5
53,2
45,4
11
64,3
46,3
64,8
62,1
77,9
14,3
8,34
73,9
49,1
42,2
46,8
67,4
56,2
53,6
60
55,4
48,6
48,6
48,6
48,6
48,4
31,6
48,7
66,4
41,5
48,9
30,7
40,4
58,1
46,1
85,5
49,5
31,9
8,21
3,75
10,6
13,4
13,3
13,3
5,97
3,28
4,6
9,37
14,8
18,2
36
15,5
29,2
20,6
25
23,4
34,6
35,7
35,2
54,3
52,1
108
62,9
48,9
48,9
49,6
48,8
44,9
41,5
47,7
46,3
43,7
46,2
50,5
41,4
50
52,7
114
124
118
128
100
102
133
129
105
95,5
101
85,3
77,5
99,5
107
110
101
82,4
20,8
54,7
92,6
107
89,9
22,8
59,7
47,7
80,6
96,9
92,3
104
104
115
84
103
78,7
113
90,6
93,5
113
72,4
91
114
47,3
45
45,2
43,9
31,6
42,2
49,7
43
45,5
36,6
7,13
3,22
3,46
44,7
48,5
31,3
43,2
27,7
31,9
38
41,4
41
19,8
27,7
28,2
13,3
23,8
53,9
37,4
43,9
42,1
46,4
8,71
39,7
54,4
76,6
72,1
116
16,5
4,31
45,2
54,8
52,8
27,4
91,9
57,6
10,3
39,8
61,1
74,8
67,5
81,8
87,4
14,4
84,1
91,3
171
127
132
214
20,7
111
193
72,4
31,6
44,1
20
3,67
45,8
130
199
181
134
185
207
216
208
64
120
97,4
103
115
114
108
23,6
4,17
7,3
12,1
93,9
118
193
197
193
159
78
14,3
95,3
106
69,1
59
73,1
18
4,09
4,98
38,6
46,3
39,7
114
148
104
58,1
110
230
236
241
228
140
177
121
110
121
151
151
60,7
222
130
83,8
125
96,8
51,3
9,98
129
141
56,1
113
33,4
23,7
63
117
234
61,4
4,93
7,48
4,28
3,78
35,5
36,6
58,6
57,5
23,5
127
26,7
64
62,4
52,5
41,7
41,8
131
97,3
31,3
99,9
115
159
145
131
126
176
151
152
192
286
336
724
796
624
523
519
520
486
394
388
374
246
223
354
383
241
177
173
171
170
147
153
151
105
123
129
116
114
123
118
246
307
188
129
167
142
116
83,2
28,7
24,3
75,3
71,2
114
129
80,7
69,5
55,4
117
164
165
91,9
85,9
169
166
169
170
172
54,3
92
165
158
170
132
177
50,5
99,3
51,2
35,3
43,9
39
51
9,2
31,1
55,8
35,9
59,2
59
102
58,2
27,1
39,8
38,5
36,5
35,2
11,7